5
6 7
0011111
0110000
0100000
0100000
0100000
0100000
5 5
11011
11111
01110
11111
11011
6 6
000001
000001
000001
000011
000111
111111
2 2
00
00
5 5
00111
01111
11110
11110
11100


15
3 4
1110
1000
1000
4 4
0110
0010
0010
0110
3 4
0110
0000
0110
3 4
1001
1001
0110
6 8
00000000
01111110
00000010
00111010
00100010
00111110
4 5
11101
11101
00000
01100
3 3
100
010
001
3 3
111
111
111
7 7
0011100
0011100
1111111
1111111
1111111
0011100
0011100
7 7
1111111
1000001
1011101
1010101
1011101
1000001
1111111
4 6
110000
011000
001100
000110
7 6
111111
111000
110000
100000
100000
100000
000000
6 6
000000
011111
011000
010000
010000
010000
9 15
000000000000000
000001111111110
000111111111110
000111111111110
111111000000000
111110000000000
111110000000000
111110000000000
000000000000000
8 11
00000000000
01111110000
01111110000
01111111110
01111111110
00001111110
00001111110
00000000000
