2
-40 -40 100 30
-100 -100 -50 -30 1
30 -70 90 -30 10
2
-4 -4 10 3
-10 -10 -5 -3 1
3 -7 9 -3 1
2
-40 -40 100 30
-100 -100 -50 -30 3
30 -70 90 -30 10
2
-400 -400 1000 300
-800 -800 -500 -300 7
300 -700 900 -300 20
3
20 70 150 70
0 0 50 50 4
40 100 60 120 8
130 80 200 200 1
3
20 70 150 70
0 0 50 50 4
40 100 60 120 10
130 80 200 200 1
3
20 70 150 70
0 0 50 50 10
40 100 60 120 10
130 80 200 200 3
1
2 4 8 8
0 0 10 10 1
1
1 4 9 9
2 2 7 7 1
39
-4783 -8352 1028 -8352
-9386 -25 -9376 -6 2
-1670 -3992 -1577 -3963 3
5414 4455 5418 4464 1
6326 4123 6353 4125 2
2442 -5276 2446 -5274 1
3605 196 3614 205 1
-2929 9094 -2928 9100 2
-7125 -7158 -7120 -7155 3
9619 -5363 9628 -5279 4
-3650 1863 -3648 1865 2
-4784 7713 -4774 7734 1
-8728 1413 -8722 1423 1
9701 -8751 9709 -8750 1
1686 2155 1696 2191 1
3990 9811 3998 9820 4
3489 -5810 3499 -5801 1
-51 3681 -41 3687 1
5894 2771 5901 2778 3
8208 -5849 8240 -5816 8
22 6559 23 6563 6
-6547 -574 -6518 -523 6
7670 -4782 7678 -4781 1
-2245 3098 -2244 3099 5
102 -8338 108 -8307 1
804 -2778 812 -2776 1
5787 -8853 5849 -8852 1
-7145 -4328 -7097 -4321 1
-101 -6639 -93 -6635 75
-4223 -7569 -4141 -7505 1
-8379 -4132 -8326 -4130 1
143 -8196 150 -8188 4
-1706 2545 -1696 2554 73
-1599 4431 -1589 5134 7
3485 411 3487 438 4
5232 -826 5240 -819 7
7614 -1906 7616 -1897 1
-8294 1657 -8286 1688 5
6958 -5213 6967 -5180 18
3760 -1373 3766 -1303 1
41
1233 9246 -5115 9246
4417 -6752 4425 -6750 1
-1216 561 -1206 587 22
2762 -9635 2763 -9594 6
-1354 388 -1352 426 7
-6239 -8356 -6230 -8322 1
-2113 9288 -2104 9296 1
1665 5210 1666 5302 1
388 -9527 397 -9519 2
5126 6825 5129 6835 1
8165 6997 8181 7065 1
6157 4398 6158 4408 1
-1557 -4353 -1551 -4329 1
1295 8592 1338 8672 2
-6146 4405 -6136 4410 1
7507 5305 7516 5312 1
8529 8505 8534 8512 3
9515 9255 9522 9256 3
5049 -7156 5052 -7056 69
-1742 -7723 -1645 -7718 5
-7374 -5121 -7365 -4472 4
-700 4095 -696 4096 8
-807 -7070 -797 -7061 9
9877 4683 9879 4768 13
-6115 -1037 -6112 -1034 1
-7371 1470 -7364 1479 1
-2844 9604 -2837 9621 1
-8111 6919 -8107 6920 35
6062 -5138 6110 -5137 1
-4694 -839 -4687 -830 1
-6153 2115 -6043 2193 54
-7634 7826 -7629 7904 16
1273 -5962 1275 -5952 1
5306 4380 5318 4383 1
-6362 6567 -6358 6818 15
-8173 2765 -8170 2766 1
-5440 -8834 -5431 -8814 1
6986 736 6992 746 54
-3023 1219 -3016 1227 1
3070 6223 3080 6230 1
-8649 5410 -8640 5413 6
-8090 5040 -8084 5050 62
49
-9522 -6799 -9522 9459
-3174 -5498 -3170 -5419 1
-6393 -1467 -5738 -1462 1
-13 1136 -5 1141 7
-9846 -1680 -9837 -1673 60
9575 -6281 9584 -6277 1
-668 2348 -624 2367 9
-928 8477 -918 8484 10
8635 -506 8641 -434 14
-8287 1072 -8280 1097 5
-1825 6330 -1817 6374 1
-1762 -5152 -1697 -5143 1
7570 847 8010 848 2
-1551 4827 -1479 4833 1
-5840 -2693 -5833 -2655 1
3529 -5323 3531 -5319 1
-1063 6495 -1061 6503 1
5080 8096 5128 8128 7
112 -7442 114 -7435 319
-6655 6959 -6652 7055 19
-464 1967 -460 1972 1
6388 -4631 6389 -4622 28
-503 5694 -425 5728 89
5090 -4431 5097 -4426 1
8168 8618 8172 8712 1
-9268 6926 -9259 6935 3
7553 -9527 7560 -9519 5
7743 4927 7812 4935 1
8472 -3703 8557 -3697 7
1680 6284 1686 6289 7
-302 -3348 -301 -3345 8
5219 -8006 5224 -8005 5
418 -3753 507 -3752 1
-7459 8586 -7449 8654 88
3795 7051 3803 7146 1
6682 3057 6687 3143 3
1279 -5329 1284 -5320 4
1191 4539 1196 4553 1
3850 1430 3854 1443 5
-740 -5753 -735 -5655 44
-5761 -6737 -5751 -6727 1
6458 -1869 6467 -1862 7
-1874 6927 -1864 6928 59
-5874 -1914 -5377 -1907 8
-3979 -7630 -3917 -7628 57
-3941 -8054 -3935 -8002 1
-1626 -342 -1547 -340 1
4160 -147 4165 -124 2
8284 -4329 8357 -4319 1
5019 -3352 5095 -3325 1
37
3009 5988 3009 -9595
-9297 -9092 -9289 -9087 1
6859 -5999 6860 -5989 1
67 3252 76 3255 112
5223 -4860 5256 -4854 7
3333 -9104 3342 -8225 4
7271 9330 7281 9331 1
-7906 -4179 -7839 -4118 1
7401 -9014 7417 -9011 2
-2776 -8758 -2769 -8754 1
4705 4126 4721 4143 34
4920 309 4936 310 6
-8159 5103 -8150 5108 1
-6076 -3 -6068 5 8
6796 -3844 6804 -3839 1
-6224 -4151 -6219 -4059 35
-992 4812 -988 4815 1
4330 3296 4338 3335 29
9414 4606 9493 4611 1
9985 9497 9995 9504 2
-4878 6866 -4876 6873 1
4541 7118 4547 7123 1
6633 3382 6635 3389 5
1762 5709 1770 5711 1
2786 8785 2791 8791 10
1478 3257 1485 3266 23
5023 -1120 5081 -1112 1
6863 -2953 6870 -2946 1
6886 9117 6984 9127 1
-3435 -8902 -3427 -8901 1
3031 4234 3035 4237 1
4056 -6369 4058 -5878 83
-2534 -9142 -2528 -9136 1
3242 -5609 3243 -5606 66
4716 -6425 4722 -6421 1
-6305 2254 -6291 2264 105
-1284 -2157 -1226 -2147 9
-6154 3825 -6057 3833 256
27
-6562 -1125 9585 7099
-9418 4010 -9351 4014 7
4929 8500 5022 8508 1
-9868 -3663 -9865 -3659 8
-8408 7594 -8399 7603 1
5132 -9960 5133 -9863 1
4586 -5852 4590 -5753 73
-4495 -2958 -4401 -2948 1
-8267 7407 -8214 7502 30
5400 -167 5406 -112 1
-6041 6494 -6039 6502 6
8353 881 8363 891 6
3910 1207 3918 1212 9
6449 3370 6455 3374 1
-6671 -2886 -6587 -2885 88
5570 8894 5862 8910 27
-5185 -1501 -5175 -1500 10
-7997 7912 -7994 7919 1
3310 -1865 3399 -1859 1
2885 -5402 2952 -5393 1
5011 -5029 5023 -5021 10
-159 -8087 -143 -8081 1
1824 -3066 1828 -2948 8
4417 7892 4974 7893 6
4110 996 4130 1068 8
-1717 -164 -1716 -156 3
6619 5630 6625 5652 2
-8092 7941 -8082 8734 4
38
-6586 6579 -3089 -1017
6893 -3904 6900 -3810 1
3162 -410 3169 -404 1
-2338 6044 -2294 6049 1
949 2591 954 2642 6
-7685 -4009 -7683 -3975 1
-7393 8461 -7390 8462 1
6620 1288 6625 1294 46
-1129 3880 -1124 3882 1
-7808 1087 -7801 1108 8
-5343 -4724 -5297 -4722 10
-8057 8052 -8051 8062 2
-1638 -5465 -1636 -5417 83
-8630 -9185 -8626 -9180 2
1891 -7613 1899 -7612 1
1475 -7038 1476 -6967 8
7240 4802 7332 4803 8
90 2823 96 2828 5
7127 -6616 7130 -6610 1
-1242 -8647 -1237 -8643 2
-6120 -2525 -6112 -2520 1
9782 6149 9845 6319 1
-3928 8978 -3923 9066 1
3661 4489 3671 4491 1
5898 7630 5903 7638 1
7919 8492 7920 8574 1
9349 -5776 9378 -5772 9
-5325 -5176 -5317 -5137 1
-8715 9693 -8705 9701 4
8733 800 8739 806 1
3919 -3316 3929 -3315 1
5558 -7850 5566 -7803 10
-8684 5677 -8681 5679 1
9011 -8500 9816 -8494 4
-6403 8319 -6393 8399 4
8854 3701 8859 3709 84
-3458 201 -3450 211 1
5013 -4286 5034 -4284 1
-4925 2536 -4842 2586 4
30
9828 3461 -1941 3966
4807 874 4867 922 1
9209 -2202 9215 -2193 7
4002 4448 4009 4507 8
-6949 9584 -6945 9589 10
4327 -284 4387 -282 1
-8011 7694 -8008 7698 8
2739 -2877 2747 -2871 1
5111 -3264 5116 -3184 1
8682 -1146 8686 -1137 1
-8252 -3454 -8249 -3446 5
7500 8316 7509 8321 1
-6331 8497 -6321 8560 1
1630 -9170 1631 -9161 1
7445 6192 7455 6256 889
-2643 5062 -2638 5068 1
-2929 -4855 -2919 -4852 1
4028 7812 4037 7819 1
694 1144 704 1154 97
-121 4730 -117 4739 1
-9380 5913 -9305 5921 1
-7881 7145 -7875 7146 6
-1381 3990 -1306 4000 1
2809 2944 2816 2954 1
-650 -7505 -640 -7501 70
-1911 1555 -1906 1560 1
9154 4189 9156 4195 1
8252 -6424 8256 -6419 1
7106 7655 7112 7660 11
-954 3947 -953 3965 9
-2975 9563 -2967 9569 1
49
-4836 -631 -6276 -9823
5310 -695 5320 -689 1
7352 3988 7357 3996 41
-1515 6000 -1464 6001 1
-8353 6576 -8346 6577 6
-3205 9269 -3167 9275 1
8351 2935 8359 2943 4
-3749 9818 -3084 9822 8
-6265 6906 -6224 6925 1
338 -4175 339 -4169 1
6507 -6801 6743 -6795 81
-23 -9798 -18 -9791 1
-5362 -4787 -5353 -4097 8
7 -8740 80 -8733 95
494 169 498 249 4
-5710 7713 -5706 7719 9
5516 -5350 5543 -5348 4
6589 3208 6597 3214 2
-5521 5729 -5517 5805 1
-839 -7469 -835 -7461 10
-3579 -1174 -3572 -1166 7
8211 -2024 8257 -1928 1
2217 -1394 2255 -1387 1
5031 -1073 5032 -1066 7
-3096 -6007 -3091 -6000 1
-5549 -7600 -5496 -7595 7
445 3819 451 3915 6
-9175 9426 -9172 9498 1
9887 2501 9889 2508 81
4259 1767 4267 1769 1
-4798 -7191 -4795 -7155 1
-5720 7090 -5711 7094 1
-4243 -2567 -4238 -2565 1
8281 5475 8282 5478 7
-2771 -4801 -2768 -4800 90
2494 9583 2498 9593 1
-1976 6515 -1969 6525 2
2529 5657 2532 5663 1
5820 6265 5827 6271 1
9862 -3065 9865 -3062 10
-3982 -7554 -3981 -7547 1
-9303 2962 -9274 2963 1
-5520 9343 -5482 9348 1
8884 -3085 8885 -3027 1
88 -9609 95 -9605 1
-6612 6489 -6609 6568 9
2037 2427 2609 2519 2
5851 4340 5855 4348 2
7938 6283 7945 6288 7
-5760 -3667 -5752 -3665 4
46
-9861 2923 2536 2923
6389 1438 6392 1445 10
2068 -6876 2718 -6867 4
6447 -7993 6454 -7986 1
2212 6930 2885 6939 573
-1419 -7158 -1413 -7152 1
1525 6942 1531 6974 1
-6226 -5860 -6225 -5851 6
3127 -5629 3218 -5622 1
879 483 884 815 1
4706 -9310 4715 -9306 1
-7758 -509 -7749 -500 1
-1910 -1688 -1909 -1668 1
5616 9958 5617 9965 9
-4169 -949 -4162 -945 10
8304 2018 8313 2042 10
2706 1927 2759 1932 1
2863 3536 2866 3546 1
9592 4583 9593 4586 1
-7442 -3012 -7432 -3008 96
1158 3974 1166 3975 1
-7257 611 -7251 620 124
2221 -1560 2231 -1559 6
-8887 3608 -8879 3610 1
9556 4261 9564 4262 1
-4808 1234 -4798 1259 1
-4492 1325 -4483 1327 1
-2061 -1681 -2054 -1671 1
5914 3546 5921 3549 6
8288 4238 8296 4248 1
-2290 1771 -2286 1774 1
2260 -3176 2261 -3097 1
-1919 7115 -1910 7124 1
-8817 7564 -8814 7571 1
-7674 7521 -7665 7526 1
-4216 2254 -4180 2341 8
1891 -7381 1925 -7378 1
-2049 7273 -2047 7275 1
6319 7424 6328 7434 7
-1866 -7504 -1856 -7461 1
-1629 -5927 -1627 -5922 32
5705 5569 5751 5578 6
-9359 2765 -9352 2766 787
1654 6169 1696 6179 1
3927 7772 4011 7779 1
-8796 -1204 -8700 -1194 4
-4504 3924 -4503 3926 1
49
7683 836 -8674 836
-4265 3165 -4263 3169 2
668 -4826 670 -4821 9
-4786 -8231 -4780 -8212 22
3693 -9744 3700 -9736 6
2749 3025 2751 3027 1
1959 4147 1968 4150 10
-8234 7579 -8226 7613 1
-4356 6636 -4211 6639 5
-9298 -7432 -9293 -7430 1
-6660 -7730 -6650 -7722 1
7931 -6304 7933 -6297 1
-2687 5601 -2681 5670 2
-3628 2539 -3625 2549 1
944 5924 950 5925 1
5278 -5240 5280 -5237 3
-7845 -91 -7843 -82 1
-9675 9253 -9622 9254 8
1579 -135 1674 -98 1
-7558 -2070 -7557 -1991 5
-5867 7794 -5863 7797 1
-6009 4199 -6004 4206 1
8090 4701 8098 4702 9
-8788 -6576 -8779 -6575 1
7928 5383 7953 5389 1
9182 4057 9192 4153 1
-6421 -8300 -6357 -8296 9
-2249 105 -2243 107 4
-5021 1633 -5014 1638 81
-6855 -9969 -6845 -9924 1
6406 9256 6412 9264 3
-138 -1912 -134 -1902 2
-3953 -3470 -3951 -3465 24
2270 770 2280 777 5
-1675 7360 -1670 7445 1
208 6610 218 6619 10
7382 -897 7453 -895 1
-3701 9446 -3657 9473 2
-7809 3266 -7803 3275 9
-3508 -2846 -3505 -2838 1
-380 -6415 -379 -6407 8
-6485 -1606 -6481 -1599 32
5974 9994 5977 10000 10
9563 8821 9630 9168 9
-4111 -3417 -4108 -3413 1
-1842 -1592 -1841 -1590 1
2756 5886 2766 5895 1
4296 4250 4297 4254 5
-9810 8252 -9777 9045 1
-8000 3160 -7997 3164 8
33
2509 -6162 2509 9216
1475 1112 1477 1121 61
-2317 -227 -1507 -158 2
-5692 -9344 -5670 -9341 56
2010 4333 2012 4336 8
-1333 -9839 -1323 -9837 82
2846 8049 2850 8054 1
-3607 4519 -3523 4522 3
-1325 6795 -1320 6803 5
8082 9221 8085 9250 73
-5308 -8376 -5302 -8287 3
-8721 -3304 -8719 -3298 9
-7915 -6422 -7911 -6342 1
-5296 -7267 -5289 -7258 9
2533 -6003 2542 -6001 52
3172 6200 3182 6207 1
-9792 -6713 -9786 -6690 8
-8672 -3301 -8630 -3289 1
-3526 3541 -3517 3546 1
-8778 -766 -8773 -756 5
7583 -2613 7592 -2607 4
3806 6616 3809 6869 1
2896 -6393 2921 -6386 1
-4553 -870 -3766 -868 7
-8127 24 -8126 30 82
5443 5315 5506 5338 10
1484 -3679 1582 -3678 1
7484 392 7485 402 6
1843 -6262 1879 -6253 1
3981 -6150 3994 -6145 6
-3604 -6150 -3602 -6143 1
7661 -7702 7664 -7700 1
-1671 6853 -1663 6950 1
8510 2679 8512 2687 7
39
-9543 9202 -9543 3614
2478 9189 2479 9199 1
-8919 5285 -8867 5294 9
4116 -586 4133 -496 8
-3837 8686 -3771 8696 1
9970 -2709 9975 -2703 1
-2941 -169 -2937 -165 1
-8608 792 -8599 799 1
3374 7288 3383 7295 2
-3393 -6352 -3332 -6350 2
4759 8306 4766 8311 1
1410 6034 1428 6043 1
7619 9854 7686 9902 2
6594 393 6661 401 97
7265 -822 7269 -817 4
-6239 -2819 -6237 -2809 1
1699 1807 1707 1814 1
-15 -1970 -9 -1969 24
-7156 1556 -7147 1558 1
3357 -9029 3360 -9025 48
-7068 6388 -7061 6392 215
-4799 237 -4789 247 9
-8491 1876 -8489 1892 1
7675 -9589 7681 -9587 6
-8617 -2223 -8614 -2169 1
-3491 6171 -3439 6179 1
1516 791 1522 799 30
-7528 5501 -7432 5508 7
2634 -3530 2643 -2887 7
-9488 8881 -9479 8886 6
-7938 -2757 -7923 -2750 72
9174 -7260 9182 -7256 2
-8331 -4051 -8330 -4042 1
-2212 -1680 -1734 -1677 1
-4783 2791 -4709 2794 10
6678 505 6679 556 1
7335 -185 7426 -182 1
-9062 4436 -9059 4445 1
-9595 -3986 -8751 -3923 1
-3096 7585 -3090 7591 2
41
-8559 1297 -6984 9653
2356 3508 2362 3514 1
-292 4469 -289 4471 1
6480 2090 6482 2174 1
7606 808 7608 815 1
3852 -9908 3854 -9903 94
-756 5829 -749 5832 1
-4260 -2489 -4257 -2479 1
-1359 260 -1354 273 1
-7868 4755 -7863 4760 6
-7832 -8906 -7828 -8890 1
7959 -9910 7967 -9904 5
-492 -8189 -483 -8187 9
-6444 2183 -6443 2353 6
8577 -4075 8585 -4067 1
3899 8286 3903 8296 1
9965 -8786 10000 -7837 1
-4275 7189 -4269 7190 4
7193 -4974 7260 -4968 1
3594 8856 3668 8862 5
2466 -7095 2476 -7093 2
3760 6314 3767 6398 1
-5905 -3514 -5897 -3507 9
-1290 -2460 -1272 -2454 4
9358 -7266 9365 -7259 1
9149 -2441 9152 -2440 1
-4821 -768 -4770 -761 748
-6042 9170 -6033 9175 35
-6047 4590 -6037 4597 3
-4081 7922 -4073 7928 8
-9839 9652 -9836 9661 1
4350 -2528 4402 -2476 7
1319 -3914 1325 -3913 6
1716 -9320 1726 -9126 36
-8853 -5263 -8846 -5258 4
3459 7202 3466 7203 1
236 5269 246 5276 1
-4937 -2437 -3982 -2433 1
6048 -4143 6057 -4133 1
-876 -7957 -842 -7949 1
-9587 3428 -9564 4122 1
-7734 2080 -7725 2082 1
25
-511 3861 3355 -7176
3809 1534 3859 1535 1
-7576 -8272 -7571 -8263 7
-4657 -6458 -4611 -6451 62
5409 8213 5419 8287 5
712 -6351 722 -6345 1
-9131 -2210 -9126 -2201 10
-1154 1512 -1153 1514 1
-7685 -107 -7682 -97 49
3551 573 3558 578 7
2364 3973 2373 3977 10
5822 7072 5824 7073 1
-2144 3357 -1681 3366 1
537 7075 541 7081 2
-8175 -7381 -8167 -7376 10
-2350 -4807 -2333 -4802 4
7020 9379 7027 9386 3
-1572 4793 -1184 4794 1
5306 -419 5401 -361 614
9104 -1088 9129 -1078 79
-8586 -143 -8496 -141 1
9107 6302 9117 6312 1
1095 -6619 1097 -6519 2
-3006 -7902 -2975 -7897 1
-2465 -6624 -2382 -6619 8
3056 -6487 4040 -6480 1
45
7376 -8557 -2625 4689
-8543 5128 -8535 5210 77
8558 -5571 8563 -5565 6
7734 4415 7765 4489 1
2255 5235 2257 5236 1
-4760 6673 -4757 6679 5
-2031 -8975 -2029 -8900 9
8182 -4900 8192 -4879 3
-6778 7270 -6771 7278 1
3113 9925 3118 9976 1
8571 -8853 8577 -8754 1
-6886 -2006 -6800 -1932 26
-6158 6829 -6150 6834 1
3177 9018 3206 9024 5
5169 -7150 5194 -7142 62
-4738 -5165 -4733 -5155 1
-6593 5100 -6585 5107 1
735 6661 825 6662 50
-7036 -3937 -7031 -3933 1
-7926 -2476 -7924 -2429 6
985 -6749 1014 -6713 1
3347 -744 3350 -696 1
-1823 -6473 -1821 -6426 6
2753 8157 2759 8162 3
-1858 -2089 -1848 -2079 5
-7765 5985 -7223 5991 1
3992 -568 3994 -562 1
1604 -986 1611 -981 1
3134 -1589 3777 -1587 74
-554 1490 -549 1497 8
7010 3695 7013 3697 3
1491 3762 1501 3764 98
-7406 -6835 -7399 -6831 1
-97 -6683 1 -6680 1
5039 -6263 5040 -6244 1
8188 -9679 8195 -9635 1
1354 -1577 1355 -1568 10
7244 7006 7245 7009 2
-4594 1626 -4583 1671 10
-3528 -5777 -3450 -5698 1
-1095 2789 -960 2798 1
-6096 1192 -5999 1254 8
-8277 -2859 -8275 -2856 1
-3779 5925 -3771 5952 10
-1931 9737 -1889 9744 1
-4046 -6023 -4043 -5948 10
44
8818 -58 6838 -5173
1518 -1303 1519 -1300 80
-2098 7192 -2096 7197 10
-4697 8511 -4694 8556 8
9102 -1183 9104 -1182 1
957 -6088 1018 -6082 1
5111 -717 5121 -661 9
9539 -4495 9631 -4487 1
-7963 -3005 -7959 -3002 10
-4707 -753 -4701 -748 32
1766 -17 1774 -7 38
-3739 -8032 -3736 -8027 8
-9766 6502 -9756 6509 1
-1865 1749 -1863 1753 1
1438 -2046 1518 -2017 1
-6159 8557 -6137 8585 59
8805 -2354 8892 -2347 934
2807 -9295 2817 -9292 1
3044 3101 3051 3111 10
-3260 3147 -3253 3152 89
2732 -6207 2737 -6201 1
4935 -1775 4940 -1769 15
4169 -2162 4530 -2153 9
-1496 -6145 -1494 -6140 1
-6552 7207 -6544 7211 1
5790 711 5800 751 7
-5941 -465 -5935 145 8
9772 -5956 9774 -5946 1
-1565 2721 -1483 2729 57
2510 5455 2516 5458 1
-2774 -8479 -2764 -8470 1
8344 2476 8353 2483 2
-571 -3916 -559 -3908 10
-1336 2732 -1332 2780 1
2775 4523 2779 4527 7
9551 9595 9588 9599 94
-3933 1528 -3926 1574 1
-3218 8020 -3215 8022 11
7744 9863 7754 9891 5
2147 -9204 2151 -9197 1
5537 -7215 5541 -7205 1
4579 9055 4584 9127 1
-8522 3327 -8518 3337 8
9276 -4464 9277 -3642 1
-2708 8091 -2669 8101 1
26
-2384 -8656 4707 -8656
-1241 -1104 -1238 -1096 1
8656 5607 9375 5615 1
5054 5612 5056 5620 1
-4472 -856 -4466 -855 26
2440 -8410 2501 -8404 93
-6365 2444 -6359 2451 1
-3145 2930 -3135 3001 7
-5610 868 -5602 876 1
-3502 2657 -3498 2658 10
-8828 -696 -8827 -694 1
7371 8152 7373 8154 91
71 5273 106 5304 1
9383 -7096 9390 -7095 1
-6362 9967 -6354 9968 3
-244 -8456 -218 -8455 1
-3862 -6545 -3811 -6529 1
-9389 4096 -9382 4120 7
7020 5283 7023 5284 1
2428 9431 2438 9435 1
-1059 -6925 -1041 -6921 1
-1743 7199 -1689 7205 8
-5297 5739 -5278 5746 1
-87 51 -82 54 9
-2208 -6357 -2140 -6353 3
-6838 -899 -6746 -893 1
-7551 9090 -7544 9168 1
43
3930 -9849 -2677 -9849
-1573 6784 -1562 6786 1
-5717 -5319 -5710 -5309 9
-5923 8007 -5913 8015 1
8903 9794 8935 9804 1
-508 5672 -502 5678 1
4553 -9668 4563 -9658 1
-5414 -2309 -5412 -2305 696
4276 -1097 4285 -1093 7
5168 -473 5169 -469 1
-9306 8520 -9304 8524 602
-5547 -1009 -5542 -923 1
-8113 -4896 -8110 -4891 1
7638 3666 7644 3740 1
2251 -6656 2256 -6651 1
-3115 7368 -3114 7371 6
-5335 4980 -5331 4982 61
-3771 -8461 -3768 -8458 8
2632 2845 2634 2855 1
-1905 1760 -1842 1765 1
-6631 4125 -6630 4135 1
-5455 -4608 -5447 -4601 1
-3143 544 -3135 552 62
3949 6283 3950 6291 7
1121 -8681 1127 -8674 1
-9004 8619 -8940 8624 4
-1752 -2298 -1657 -2258 9
-8108 -2256 -8089 -2255 1
6049 6009 6056 6011 8
391 -5029 392 -5025 1
-8188 -7151 -8185 -7142 1
1874 -7836 1883 -7826 1
9661 5510 9664 5512 1
671 -9836 676 -9834 1
-7852 -605 -7798 -599 5
-4081 4698 -4077 4737 6
6232 1374 6878 1376 4
7397 -4520 7401 -4516 97
-3651 -4726 -3569 -4716 1
2289 8281 2296 8286 2
-9105 2666 -9052 2675 6
1175 8462 1178 8518 3
3600 7359 3601 7364 1
-7923 -9624 -7922 -9615 10
41
-8540 -6221 -8540 4596
-7748 8790 -7739 8818 9
7159 3235 7167 3242 1
9379 -7327 9382 -7285 9
-2167 -8627 -2082 -8625 90
-2408 5829 -2403 5834 8
-792 -3699 -789 -3690 7
-3096 2708 -3089 2711 1
2838 4898 2845 4907 1
1349 -4193 1356 -4154 1
1170 9922 1194 9928 7
7149 671 7158 677 1
-4929 -2395 -4921 -2390 1
-2848 6644 -2844 6645 1
-7883 4576 -7878 4583 1
-8728 463 -8037 471 1
-3534 738 -3533 744 10
5622 4774 5626 4780 1
-2321 1745 -2312 1747 1
518 8718 524 8727 20
7612 -9582 7622 -9575 1
5589 2949 5595 2959 1
-3344 9377 -3335 9381 1
-7408 3565 -7405 3588 1
3880 4287 3889 4292 1
4142 1971 4151 1992 1
-1706 -1054 -1698 -1053 114
2046 -8750 2095 -8712 1
-3810 2406 -3802 2460 5
216 -4913 291 -4907 1
8169 5952 8179 5996 1
-9441 942 -9355 950 7
-6562 4474 -6560 4482 6
4472 -7442 4481 -7383 3
-2765 9075 -2756 9083 1
-985 9505 -981 9532 1
-4452 -8488 -4412 -8485 94
-7126 -1913 -7121 -1909 1
83 -3249 103 -3246 1
6216 3488 6230 3490 5
-8971 7703 -8962 7705 1
-7354 -8544 -7352 -8534 1
46
-9153 6144 -9153 -2271
-4057 -8533 -4054 -8523 10
-9374 -10000 -9372 -9996 1
-3467 -7130 -3465 -7127 1
-2661 2551 -2636 2559 1
1862 -6259 1863 -5560 6
2943 -1658 2967 -1657 1
-1654 -5869 -1590 -5860 1
-7311 -4957 -7302 -4955 35
-2438 -9473 -2433 -9256 6
2220 5979 2222 5983 1
-638 -9112 -579 -9111 10
-331 -6316 -323 -6310 1
-1817 6515 -1814 6562 78
7881 -6956 7890 -6946 7
7290 5395 7298 5405 4
6745 -5324 6746 -5319 1
2779 6153 3632 6192 3
-1049 -6781 -1047 -6778 5
-2410 -7272 -2404 -7267 5
2570 -9358 2670 -9319 1
4616 -875 4662 -786 7
-3584 -6995 -3581 -6992 5
5012 6729 5068 6739 84
-5525 2449 -5520 2454 1
-8496 -5719 -8490 -5713 1
4070 8973 4073 8978 1
-1598 -4102 -1509 -4096 1
2751 -3557 2835 -3547 3
-9118 4970 -9111 5898 3
1537 5700 1546 5753 1
9085 -1544 9087 -1535 8
7801 7130 7856 7140 5
-6918 -7208 -6915 -7110 2
1529 -8381 1533 -8380 1
5733 8818 5738 8819 6
-8123 -8262 -8115 -7774 1
-6512 -8978 -6510 -8975 8
4699 7168 4709 8016 8
-4655 5914 -4654 5915 73
2451 -913 2525 -907 1
-2207 8491 -2202 8493 7
6848 -9433 6856 -9369 1
7270 7316 7272 7320 85
9250 6083 9317 6086 3
7789 5492 7796 5494 7
-2499 -3081 -2496 -3079 3
43
4608 -4752 8099 4308
3558 -8590 3559 -8587 1
-5768 -7544 -5765 -7543 1
-5024 -6226 -5015 -6147 1
8812 2148 8891 2158 3
-3303 3545 -3299 3549 9
-2670 1488 -2664 1586 8
-8185 12 -8181 70 1
4694 -4288 4700 -4282 2
9267 -3157 9269 -3120 7
7405 8366 7464 8385 4
5954 -1061 6007 -1057 1
992 -1266 995 -1263 1
-2119 -5559 -2118 -5557 1
-7484 -2516 -7479 -2455 1
1283 -4477 1292 -4473 1
-2798 9576 -2767 9625 1
8511 -2688 8516 -2643 1
-679 5381 -671 5383 1
-2745 9670 -2737 9758 1
-9085 7058 -9082 7067 1
-5974 4237 -5969 4243 1
-2009 -6134 -1999 -6133 1
9474 -2709 9484 -2700 1
6513 -5668 6521 -5661 1
-8496 -5668 -8494 -5665 1
-2390 4065 -2388 4068 4
-1716 3750 -1713 3756 7
-8326 4162 -8266 4163 5
4195 4905 4202 4915 1
-7079 9079 -7073 9080 1
-1518 -4962 -1455 -4961 1
-8259 -8167 -8251 -8163 1
-1980 7387 -1979 7390 1
8741 -567 8772 432 1
5721 6189 5744 6196 1
-9666 4922 -9665 4941 6
4010 -6625 4020 -6591 1
-5981 -210 -5975 -205 6
6190 9508 6200 9510 10
-5863 4008 -5855 4009 94
-5889 -2762 -5884 -2703 1
-6992 4357 -6987 4366 9
-8605 -1276 -8598 -1269 2
43
-6356 4962 7479 -7785
6175 9116 6183 9193 3
2475 -3543 2480 -3534 51
-370 -3475 -367 -3471 1
1874 -6196 1875 -6187 10
-9350 -6122 -9349 -6115 6
-41 5363 28 5461 1
3771 -1144 3775 -1075 100
-2480 8946 -2392 9028 5
2874 245 2876 274 1
4829 -9270 4833 -9264 9
-2773 -2012 -2728 -1942 1
1704 -8958 1708 -8956 6
-9138 -8567 -9131 -8561 7
-237 5192 -235 5271 3
1824 4853 1897 4862 10
7678 -2843 7744 -2840 4
5931 4179 5933 4183 10
-7656 1840 -7650 1871 1
6756 1031 6795 1040 1
-8662 -2621 -8575 -2612 1
-3523 -6297 -3514 -5535 1
-3996 -9570 -3988 -9480 1
2622 7693 2629 7703 44
-9304 4569 -9300 4573 1
9546 -2255 9553 -2254 3
7748 8432 7749 8442 72
-9273 -639 -9264 -631 11
6322 8216 6327 8221 1
-8478 9115 -8453 9125 37
-4996 2437 -4992 2442 9
8299 -7743 8305 -7742 1
-3951 7062 -3943 7064 1
5818 6643 5822 6955 7
2918 5246 2923 5256 1
-662 3614 -653 3620 28
3284 -8255 3286 -8246 79
9735 -4435 9743 -4432 1
-5262 4567 -5257 4569 1
822 82 826 87 3
-92 1891 -85 1968 1
-6985 -2918 -6982 -2910 1
3775 1558 3784 1566 10
-4783 -3712 -4709 -3711 1
45
-1149 -3966 -8920 9809
9507 8143 9511 8890 94
6710 885 6718 886 10
-7684 -7577 -7619 -7573 1
7711 -2314 7795 -2308 1
7927 -8854 7930 -8805 1
-1990 -5212 -1985 -5205 1
2734 3549 2739 3563 4
5876 9530 5882 9535 1
-5678 2072 -5668 2082 1
87 -7251 89 -7243 1
-3439 -7190 -3346 -6578 1
-207 7933 -200 7978 3
-6125 -7341 -6120 -7339 1
-2599 -3766 -2597 -3758 1
4671 797 4748 804 1
206 -944 207 -943 3
-3138 -6726 -2852 -6720 4
-8001 8774 -7996 8777 1
-1259 1512 -1191 1517 1
4058 -1292 4062 -1223 1
-3654 8259 -3644 8262 8
-8518 -4897 -8513 -4895 1
-9065 -938 -9055 -933 1
5799 4296 5809 4366 3
4043 -8957 4052 -8950 1
-7731 -9211 -7722 -9204 9
-967 5312 -962 5314 9
6280 -119 6283 -116 1
151 -6554 186 -6548 87
-6735 6690 -6733 6744 1
-4027 -8379 -4020 -8376 10
-3172 -4401 -3169 -4321 1
-6889 -566 -6885 -557 1
-9378 -8410 -9370 -8400 4
-9463 9533 -9426 9541 1
6769 5795 6775 5797 1
-3968 456 -3958 491 48
-428 9731 -420 9735 5
5768 -9057 5771 -9052 3
7279 5498 7287 5506 51
-3312 -2176 -3309 -2170 1
-3748 9742 -3745 9828 10
583 -7524 593 -7516 1
6131 -2496 6138 -2458 1
9865 9144 9868 9238 1
41
9712 2268 1469 182
-309 -1879 -221 -1878 9
2309 3900 2315 3904 1
1110 7156 1114 7160 1
6299 4285 6303 4293 1
4632 3076 4634 3084 1
-566 181 -563 187 1
488 -9819 532 -9769 4
8114 9187 8143 9192 1
-7675 -8996 -7674 -8988 1
-8178 -1768 -8174 -1762 1
-4147 -2980 -4051 -2290 1
-5218 -3054 -5214 -3046 83
9621 2196 9627 2202 7
-8978 -9777 -8973 -9771 1
730 -1490 734 -1487 10
-2592 7718 -2591 7792 1
6850 -3602 6897 -3596 1
-2519 -3430 -2516 -3425 1
-846 -4998 -844 -4995 80
5075 -163 5122 -78 6
9135 -2420 9198 -2416 8
-1648 2195 -1618 2201 4
-1571 -9109 -944 -9027 7
7909 7362 7918 7368 1
2143 8896 2149 8904 27
-9976 -6992 -9936 -6983 8
6603 8548 6609 8552 5
-4513 -3860 -4503 -3836 1
-7132 2116 -7124 2135 1
-7574 -6152 -7568 -6143 1
9351 1801 9353 1857 1
-2999 -5361 -2995 -5283 4
636 -299 646 -225 1
-9675 -6528 -9313 -6524 2
7572 6721 7579 6732 1
-1519 -4650 -1511 -4449 5
3920 -70 3924 -66 1
8781 -4579 8787 -4575 1
-3957 7726 -3953 7727 1
-2819 4865 -2813 4870 9
6462 5138 6489 5156 1
32
22 -1662 4222 -1662
2209 1562 2217 1566 7
-9257 -3667 -9184 -3658 1
-8704 -1627 -8646 -1539 10
-4674 -8852 -4578 -8788 7
-8707 2110 -8703 2147 1
-3476 -7774 -3471 -7770 8
-1031 3622 -1027 3628 2
2126 -1754 2138 -1751 10
-5594 3377 -5584 3387 6
4080 3205 4084 3208 98
3167 -582 3177 -575 1
-6611 9739 -6603 9749 6
6852 4634 6860 4641 1
864 -2601 881 -2596 7
-8015 3227 -8007 3228 1
5587 5433 5591 5448 1
4607 -4463 4729 -4458 93
-2007 -8811 -1927 -8810 14
-3178 -3609 -3136 -3606 1
-9469 8928 -9463 8937 3
-1498 -6987 -1495 -6981 4
-2031 -1349 -2022 -1285 52
-3892 2644 -3884 2724 5
-9341 -8968 -9337 -8966 1
-3279 3166 -3270 3386 1
-6761 -3421 -6751 -3412 1
-2421 -727 -2349 -694 1
-901 -6245 -895 -6239 24
3245 7939 3250 8026 1
9340 5945 9385 5949 45
-2155 -340 -2154 -335 10
2048 5836 2878 5837 1
45
3571 -7435 -2596 -7435
-6597 -5077 -6591 -5072 1
-9790 -2547 -9789 -2545 1
4245 9222 4247 9230 50
-1525 -2795 -1522 -2793 1
6481 8491 6489 8501 1
-4208 -6841 -4203 -6835 1
-8551 7697 -8542 7698 4
-1661 -2947 -1659 -2946 6
-9183 -8262 -9182 -8253 1
-7230 2676 -6591 2679 2
9035 5403 9042 5404 38
-8653 1124 -8567 1133 63
5811 -7736 5812 -7650 32
-7509 -392 -7500 -384 10
2739 -7693 2747 -7687 1
-772 9766 -766 9769 1
-2170 -4042 -2162 -3992 6
5009 8312 5012 8317 1
2947 1852 3014 1859 9
1839 -7662 1907 -7446 1
2190 -7477 2213 -7460 1
9627 -510 9635 -503 9
1494 -8342 1500 -8267 7
-5095 -1922 -5049 -1914 1
9033 7669 9035 7678 1
-6859 1444 -6768 1447 4
8859 8761 8861 8763 6
-105 -4735 -82 -4730 3
7947 2265 7990 2269 5
5340 -1573 5341 -1566 1
-9641 -6891 -9638 -6888 1
-5942 -6153 -5932 -6140 8
-5274 7592 -5271 7621 6
6063 9322 6072 9323 1
4478 2232 4481 2316 1
-8799 6458 -8797 6468 1
-7825 -9860 -7820 -9856 5
-7855 5526 -7813 6340 1
6493 -5376 6501 -5370 5
-4854 962 -4847 967 90
-6414 1044 -6405 1047 14
4081 4748 4090 5702 1
-1120 -2975 -1074 -2913 1
-8117 8750 -8114 8757 1
9017 926 9027 933 1
28
-4104 -8438 -4104 9076
1361 -4547 1366 -4541 1
5821 4684 5875 5366 10
-8368 -8110 -8361 -8107 1
6880 8601 6889 8610 1
-7875 -2435 -7868 -2431 5
1329 7706 1336 7775 4
1655 -9094 1662 -9091 3
7791 857 7891 864 59
-199 -2411 -195 -2386 6
7171 412 7177 1032 1
-4459 3784 -4455 3794 1
-1190 6030 -1159 6751 1
8490 -7775 8573 -7770 1
-8553 -2033 -8551 -2032 1
-8914 7796 -8913 7798 14
444 4316 522 4320 43
-8747 -4324 -8746 -4321 2
-9870 8873 -9835 8879 1
-3441 -8128 -3435 -8037 1
3077 4520 3080 4529 40
-4661 1961 -4021 1967 3
863 -3880 864 -3877 8
6042 -567 6092 -562 1
-4175 -55 -4167 32 5
4266 -2471 4278 -2427 1
1527 3525 1535 3534 32
1206 -5978 1212 -5954 1
3587 4059 3591 4063 1
48
-7386 7323 -7386 -3188
-3516 -4916 -3513 -4908 9
-2094 -4932 -2084 -4924 4
2155 -3382 2162 -3381 1
1398 9103 1436 9105 8
-9696 9833 -9647 9912 6
9989 -8539 10000 -8532 1
-574 734 -566 743 66
155 -6333 156 -6328 69
-5679 9454 -5670 9457 1
-7255 2864 -7250 2866 10
-5089 3591 -5087 3600 1
9872 7415 9881 7422 63
-917 -8637 -913 -8376 10
9873 -6405 9879 -6401 7
-5055 641 -5029 729 1
3841 8404 3850 8405 4
9914 9484 10000 9486 9
736 6633 738 6666 37
-9937 9157 -9101 9164 3
-1064 3032 -1054 3065 6
4994 3867 5004 3874 1
-286 -2648 -279 -2552 1
9415 1598 9422 1603 1
684 1709 687 1718 1
-8753 -5131 -8750 -5049 1
5534 -6388 5537 -6337 2
2820 -3392 2828 -3328 946
4081 -7508 4110 -7468 7
-7529 -9232 -7525 -9225 94
2989 -8272 3042 -8268 1
-5225 3958 -5217 3960 5
2540 -4981 2543 -4977 91
7330 -3799 7336 -3730 1
-5666 8967 -5656 8968 5
-9723 -6027 -9715 -6025 100
-1286 -9531 -1280 -9524 1
7249 -5422 7270 -5390 1
-2544 -1896 -2457 -1887 1
-1728 4540 -1694 4544 1
7317 -2968 7320 -2966 1
7593 -8209 7598 -8206 10
5116 -6028 5121 -6021 5
470 9198 471 9239 5
-4186 -363 -4176 -344 1
-6369 -1378 -6368 -1377 7
-3249 4323 -3240 4385 68
8662 1294 8668 1302 47
1380 6459 1388 6465 2
46
-1430 -9227 5930 423
-6366 1155 -6359 1160 59
-8632 7683 -8630 7698 8
-8506 5487 -8499 5488 79
2625 -5391 2627 -5390 2
-2601 -211 -2600 -205 1
5850 1205 5860 1209 1
-7030 -7795 -6945 -7788 1
-1381 -9468 -1380 -9450 59
1517 5307 1522 5327 13
-9672 -667 -9665 -659 10
4453 7436 4457 7445 6
-7299 -7608 -7294 -7605 10
-5505 -2835 -5500 -2830 62
-5878 3877 -5869 3883 5
-5296 -6925 -5261 -6827 1
735 -7803 812 -7801 10
-6235 7296 -6180 7297 1
-5360 -4790 -5359 -4785 1
471 8298 557 8363 1
-7384 4265 -7346 4336 1
4964 8830 5012 9241 6
-7752 -865 -7665 -765 1
-2337 8365 -2329 8389 1
-6649 -9406 -6550 -9403 1
-62 -6190 -60 -6181 22
407 -8025 410 -8024 785
3523 3985 3575 3993 282
8091 -4740 8167 -4733 1
2029 7561 2033 7642 1
-6137 -7178 -6127 -7129 79
4185 3427 4187 3436 9
-7138 4841 -7051 4847 88
5213 9290 5220 9292 6
-6286 -1961 -6279 -1234 1
-3953 -6446 -3948 -6440 1
-8313 -2041 -8252 -2037 1
5587 5535 5620 5542 5
-3162 4738 -3159 4747 10
4636 -3538 4640 -3456 1
9743 5990 9752 5999 8
3264 6699 3272 6791 1
581 -6782 584 -6775 5
1506 -8826 1511 -8819 82
-6183 7637 -6181 7644 1
-1840 9609 -1837 9614 1
-6117 -9058 -6046 -8998 1
49
-7092 7680 9564 -4095
-5125 336 -5118 416 4
5011 5110 5013 5179 1
8518 1737 8522 1755 1
6694 3516 6736 3606 3
-3875 8260 -3873 8268 9
-8526 4552 -8519 4561 1
9506 -5713 9514 -5707 9
-9980 7047 -9975 7540 1
6681 -2726 6683 -2629 3
-6558 6951 -6462 6952 1
765 8445 858 8511 1
-3603 -8560 -3598 -8554 1
8923 3240 8932 3316 4
9218 -9771 9228 -9711 4
3957 -170 3964 -163 10
-1447 7172 -1445 7177 57
7439 2490 8215 2498 1
8 -1616 14 -1609 1
5334 -4698 5376 -4688 1
633 -9370 635 -9362 1
-3641 -1621 -3631 -1618 1
-3934 -5883 -3926 -5875 1
5151 8715 5156 9323 1
976 4711 1045 4716 7
7951 -3557 8844 -3513 1
-5011 9937 -5007 9940 1
-1481 5099 -1432 5100 1
-7681 -6665 -7673 -6660 7
-8201 -6843 -8195 -6837 1
5456 -2874 5497 -2790 6
9608 -2164 9614 -2159 1
9383 2111 9387 2112 3
7949 -5142 7950 -5043 9
-8201 9491 -7482 9492 2
-8487 7315 -8482 7505 8
-4779 -2123 -4771 -2121 733
5488 -7377 5489 -7372 2
-545 -4974 -543 -4969 38
-8573 -7599 -8559 -7591 1
-3388 2379 -3385 2383 1
-4581 -9264 -4559 -9257 1
6621 5324 6627 5413 1
-4980 -9812 -4971 -9802 60
-8194 8282 -8145 8288 1
-7120 -3745 -7116 -3692 36
-8619 3043 -8611 3064 6
-3457 -5861 -3456 -5854 1
-3 -19 65 -11 8
-3689 910 -3679 916 10
26
2626 -2508 566 6200
1979 -2531 1988 -2529 1
-9531 1276 -9525 1277 907
-9964 -4227 -9961 -4219 10
3385 -1461 3467 -1458 82
-8532 56 -8531 96 7
8454 3834 8459 3844 1
7248 458 7256 490 7
1704 1848 1714 1854 9
9779 -2104 9785 -2099 6
-2276 -5273 -2274 -5178 6
5340 -8373 5345 -8368 1
-3582 3836 -3574 3842 1
5278 -7403 5282 -7310 7
-2769 -5996 -2760 -5987 1
-3308 6811 -3306 6883 401
7709 -538 7718 -537 5
3479 -6996 3481 -6990 1
8383 -6925 8442 -6917 38
4156 -6074 4165 -6067 8
-3907 8240 -3901 8247 10
7357 2113 7358 2116 1
993 -3201 1002 -3189 31
-1208 54 -1162 58 7
-6024 -4188 -5941 -3548 1
-2252 -2779 -2201 -2771 2
-8200 -8182 -8190 -8177 2
44
-2510 9043 -6839 -9023
802 -856 804 -851 9
3276 -6610 3278 -6600 1
-6204 9210 -6126 9224 4
7709 -7857 7710 -7853 3
2411 1503 2413 1545 1
2185 7523 2189 7524 1
6233 8121 6238 8125 3
7797 1222 7805 1225 1
6914 5538 6941 5588 1
2662 9366 2672 9375 1
6986 8894 7048 8901 8
-4245 -3200 -4236 -3191 1
4740 -5519 4748 -5509 8
-3216 1401 -3213 1497 1
3726 -9969 3736 -9965 5
-3998 -1323 -3992 -1316 3
-2297 3790 -2287 3795 10
2113 451 2166 502 1
6297 1301 6307 1373 5
1426 2819 1458 2902 1
-7424 2798 -7353 2897 10
5863 -5058 5864 -5055 35
-2159 -4146 -2060 -4143 10
7688 -2599 7694 -2567 10
-2833 -3824 -2787 -3822 10
3907 1763 3910 1765 1
9170 -3918 9189 -3855 3
3146 -8446 3156 -8436 38
-1993 -8760 -1953 -8753 1
-3450 5274 -3440 5365 2
-283 -7274 -277 -7268 5
-4419 -4500 -3758 -4490 1
-8168 -6075 -8162 -6071 14
1118 3202 1119 3245 1
-3212 9781 -3208 9789 1
-5877 -3534 -5868 -3527 3
-8982 694 -8974 794 8
4594 4931 4603 4933 1
-3151 -5994 -3145 -5969 2
4701 -5399 4703 -5387 10
5132 -7650 5232 -7646 2
-2166 7241 -2165 7256 1
-3195 -1606 -3132 -1601 80
6118 -2664 6126 -2655 1
26
-6403 4911 9787 4911
2117 -3712 2121 -3710 181
4988 9958 5011 9959 1
-6236 -2489 -6226 -2484 1
-8463 5212 -8407 5254 10
2240 6503 2247 6507 3
6977 7027 7016 7857 9
-5053 8896 -5044 9270 10
-3273 5570 -3173 5574 1
-6737 -5110 -6732 -5109 5
6484 -4397 6488 -4389 4
-9045 9284 -9035 9301 3
-3162 -9831 -3155 -9782 1
-6050 9989 -6046 10000 8
5836 -878 5838 -869 7
5858 -2899 5861 -2896 6
2159 2008 2168 2019 5
614 2010 618 2017 1
4894 4970 4896 4977 3
-6697 7550 -6694 7620 10
-2332 -8844 -2327 -8841 72
1820 2681 1827 2780 1
1150 198 1155 261 1
7565 -267 7639 -183 7
786 -9609 859 -9606 1
-7254 -9946 -7250 -9943 10
1799 -154 1842 -145 6
41
1253 2987 -6905 2987
-9463 6329 -8605 6356 29
1948 5245 1989 5248 1
-1016 -1641 -935 -1637 8
-6083 -1532 -6073 -1528 1
6286 -5234 6343 -5232 1
4687 -941 4689 -937 96
-7882 -174 -7877 -165 4
7481 -657 7561 -651 7
-3232 7448 -3155 7456 5
8476 2058 8480 2061 16
8567 5930 8569 5936 1
7433 3915 7448 3916 5
2991 -8592 2999 -8584 40
-8711 -5986 -8633 -5978 1
396 6467 405 6474 38
7746 -4030 7750 -4021 20
143 -7558 147 -7554 54
-1536 -6384 -1442 -6336 597
-6555 -9299 -6551 -9282 4
5194 -8563 5197 -8562 10
-2767 9479 -2765 9481 33
3844 -980 3845 -976 1
4273 -3837 4283 -3800 1
8327 -6924 8332 -6920 1
5110 -9848 5112 -9790 1
9339 5464 9341 5470 1
1389 -6549 1448 -6542 3
-2979 4149 -2969 4157 1
2612 8187 2617 8195 1
5048 -9469 5098 -9401 9
189 -1085 295 -1022 18
-2229 -8633 -2223 -8124 1
6906 -610 6927 -601 8
-5768 -385 -5762 -379 1
-2348 -1356 -2338 -1350 1
8208 -8651 8217 -8641 10
-8160 2032 -8150 2071 3
-56 3100 -53 3110 4
-5850 2122 -5845 2126 925
2553 8419 2560 8423 9
-3874 -3463 -3868 -3455 2
46
-8148 -8298 -8148 7132
2671 9433 2679 9435 1
4690 5520 4700 5553 9
-6044 -2116 -5992 -2112 2
-9864 -9510 -9833 -9507 2
6743 6176 6751 6182 1
-5978 2367 -5203 2373 3
-1037 -1402 -1031 -1392 1
41 72 43 75 1
-3639 -5911 -3545 -5903 1
5791 954 5796 955 43
9755 9835 9757 9846 1
-8786 -784 -8771 -777 1
-2958 -6760 -2957 -6742 1
3091 5542 3098 5546 313
-1802 -2219 -1795 -2184 1
-659 -5460 -651 -5453 3
4468 1686 4475 1694 1
5197 8088 5205 8094 22
-3529 4564 -3524 4573 2
9873 -7206 9879 -7199 2
-8335 -3648 -8299 -3647 4
-7419 -4089 -7411 -4081 1
2079 208 2089 236 79
6376 359 6408 362 96
-7451 5369 -7449 5373 1
8526 1036 9031 1092 8
-591 4238 -590 4244 1
-4431 -8889 -4427 -8818 1
-2960 9881 -2952 9946 1
1329 3562 1337 3604 1
4949 6735 4954 6758 5
881 -890 885 -801 2
-8389 -4832 -7774 -4824 1
7589 -117 7590 -83 1
8292 1293 8377 1298 1
2913 -5470 2920 -5455 1
335 9316 345 9325 43
-5468 1425 -5466 1430 6
-4097 -1048 -4087 -1042 1
-1489 -6872 -1481 -6867 7
-2773 -4620 -2769 -4615 1
9570 7004 9574 7010 5
3182 9912 3281 9917 5
-3965 3370 -3959 3432 4
-7607 -4036 -7604 -4032 10
-9912 4417 -9905 4508 1
38
-5460 7978 -5460 -6721
2107 7645 2205 7651 1
-1358 -2449 -1232 -2440 1
1892 -7928 1899 -7834 4
-8465 -7268 -8463 -7193 21
7013 -6862 7015 -6856 1
-8964 8351 -8959 8356 1
-5617 151 -5609 152 26
9375 -7458 9382 -7451 1
3051 3694 3135 3703 1
-7334 3361 -7332 3365 1
1050 3749 1051 3754 4
-5750 9703 -5670 9704 1
5436 -2497 5514 -2447 1
-1330 -7452 -1321 -6900 1
-8021 -6215 -7995 -6205 1
-6551 2478 -6539 2481 23
-8642 -3656 -8639 -3654 1
8136 192 8145 196 5
-5264 8869 -5193 8929 1
-181 3219 -176 3302 1
-809 -2534 -804 -2527 21
-4689 2031 -4618 2125 1
1674 2192 1677 2201 1
7163 6687 7169 6787 1
2343 -7908 2345 -7900 46
-1030 6436 -970 6438 1
3637 7812 3639 7819 1
2062 -526 2069 -525 1
-8846 4502 -8792 4512 1
1147 4299 1155 4303 1
1114 6710 1120 6711 61
837 -9591 902 -9563 1
-4244 -8636 -4237 -8632 1
5710 -1956 5712 -1952 3
-4128 -4961 -4125 -4873 1
4728 -5008 4729 -5007 1
6454 4320 6547 4400 5
8557 9189 8562 9190 58
29
-7341 -6924 6962 4720
-7706 4599 -7654 4689 38
-7149 4584 -7116 4591 1
2344 4609 2354 4616 9
-7190 -8643 -7108 -8638 1
-7527 3492 -7518 3500 6
5467 -9758 6160 -9748 4
2248 1004 2250 1009 9
9914 -9500 10000 -9449 1
-9757 -2600 -9747 -2517 1
2270 6370 2272 6380 7
-171 6208 -165 6213 75
138 7108 235 7118 53
-4765 1474 -4667 1612 1
4627 1940 4637 1945 1
5033 -2492 5039 -2489 1
9272 -9384 9715 -9293 10
4251 5497 4255 5506 1
-665 5749 -658 5814 5
9696 2865 9704 2874 9
-61 -2416 18 -2413 1
9480 3412 9485 3418 70
1179 7983 1786 7988 1
-7213 5797 -7212 5801 28
6611 5874 6613 5881 1
7487 -1755 7494 -1752 1
7558 -8618 7567 -8591 9
8327 -4273 8334 -4186 1
-4819 -8565 -4815 -8564 4
-2037 -4015 -1993 -3981 1
29
-7597 9046 9785 8255
5228 -7583 5238 -7573 6
-625 -1417 -615 -1407 1
-868 3832 -858 3833 1
3955 8013 3959 8047 49
8565 9178 8572 9180 9
1217 -7671 1224 -7667 1
8784 3055 8791 3057 6
4436 9677 4708 9682 9
-4778 -6497 -4774 -6418 5
-6059 8966 -6049 8974 6
-5594 497 -5502 502 7
-7319 -5615 -7270 -5609 6
-5562 -5107 -5553 -5106 6
3205 -1853 3214 -1831 1
-7642 6149 -7597 6151 7
6485 4647 6552 4691 8
3042 -7699 3045 -7618 1
2926 8692 2929 8716 3
-3223 -5655 -3157 -5652 4
3874 -6574 3875 -6571 8
-700 9979 -604 9985 1
2060 6930 2064 6936 1
4016 8957 4025 8990 96
-5284 -2936 -5184 -2927 9
-1966 1922 -1504 1974 49
-7253 -6936 -7249 -6926 8
4190 -5987 4279 -5979 1
3472 1159 3479 1921 4
-828 -6207 -54 -6198 8
36
-5497 2999 -8109 8861
-3007 -8416 -3002 -8368 1
-1508 2782 -1505 2862 5
-2028 -768 -1944 -760 1
-9815 -1384 -9811 -1325 1
-3350 8720 -3345 8725 2
-1519 5800 -1511 5804 1
3499 -2197 3505 -2192 9
5284 -9600 5293 -9503 1
-1726 2680 -1716 2684 10
4712 -7908 4717 -7831 1
-5608 8158 -5598 8166 1
2464 -8956 2466 -8948 21
5938 2105 5946 2159 1
1218 7931 1261 7935 2
-9994 3708 -9989 3714 1
-952 6468 -871 6477 9
-5234 -9355 -5189 -9351 1
6511 -7114 6521 -7113 1
-9501 -9004 -9499 -8904 4
-7565 6768 -7514 7451 24
7217 -7860 7220 -7785 77
6585 504 6595 508 1
-3212 -2054 -3209 -2046 1
-2421 2570 -2415 2579 84
-3819 2904 -3813 2918 1
7724 -6775 7731 -6699 14
-4417 3728 -4416 3730 1
-8368 4677 -8361 4680 1
-8165 9282 -8163 9292 1
-905 9699 -838 9706 1
4646 6937 4653 6945 8
-4389 4271 -4385 4280 28
-6272 -2830 -6268 -2144 1
-6323 8439 -6321 8445 2
7142 -8034 7235 -7979 1
4763 -5115 4766 -5089 7
34
1629 -582 -9621 -2210
7966 3822 8026 3823 12
3062 8211 3076 8214 1
145 6280 150 6290 1
9344 7765 9350 7783 6
-7309 5797 -7258 5805 5
-1957 -743 -1952 -738 77
9036 -7129 9039 -7128 1
-4440 3805 -4430 3809 94
-6770 -4835 -6680 -4827 94
-7340 5994 -7333 5999 2
7033 7715 7037 7813 1
6145 1383 6148 1389 1
-4275 733 -4267 740 8
-6949 2449 -6946 2458 1
-5476 -3944 -5470 -3936 1
5652 -8709 5662 -8706 1
-9675 5382 -9674 5386 1
6272 -2754 6274 -2749 1
6805 -2058 6812 -2054 3
3240 8218 3241 8222 10
5093 -3326 5096 -3318 1
-7860 -1617 -7859 -1574 65
-6259 -4843 -6195 -4754 39
3440 -168 3441 -163 1
5674 981 5675 989 1
200 -8057 283 -8047 97
-7844 170 -7843 172 1
1479 7918 1486 7922 43
5243 -1476 5335 -1474 1
-2116 -4548 -2110 -4547 941
-9461 -5929 -9456 -5924 10
-3466 7298 -3465 7306 1
-9235 9326 -9230 9330 4
-7989 8006 -7905 8044 33
35
1596 -9823 7519 -9823
-2709 -6968 -2704 -6960 4
2724 -7094 2731 -7009 4
1579 -8223 1626 -8218 4
-9850 -4747 -9823 -4739 1
-8099 -5271 -7249 -5258 1
7574 -6932 7579 -6855 5
-8680 8734 -8621 8738 6
-8602 -1290 -7882 -1286 8
4232 7276 4967 7282 555
8555 7565 8558 7638 2
-5210 -3505 -5196 -3504 7
7960 8777 7963 8810 1
24 -9440 105 -9434 1
5740 5024 5748 5111 4
4378 -9819 4379 -9817 9
-1804 4753 -1794 4762 26
677 -5124 682 -5041 1
-4294 -7395 -4293 -7386 3
3361 -3993 3421 -3983 1
4267 6979 4270 6980 9
8123 -2220 8126 -2217 37
-2603 5604 -2600 5607 2
-1852 -9839 -1846 -9830 75
2164 1962 2168 1968 80
-1006 -4400 -1004 -4395 3
-3332 -2927 -3251 -2919 9
-8902 1731 -8895 1740 1
798 -7162 838 -7153 7
-3715 4461 -3710 4465 8
-6890 -6858 -6882 -6854 1
-3528 -7420 -3527 -7412 4
3165 7296 3170 7297 1
-2818 -2501 -2809 -2491 9
-4958 7537 -4955 7544 1
9743 9980 9752 9984 1
26
353 -4430 -8228 -4430
-7677 8015 -7671 8025 6
1880 -4139 1885 -4129 1
-5617 6567 -5610 6635 9
5857 -5842 5860 -5835 1
-5765 -7340 -5758 -7332 94
8583 5785 8591 5788 10
1966 -5326 1970 -5316 23
-6026 -2002 -6016 -1992 1
2243 -6302 2339 -6268 1
-7617 -1318 -7574 -1295 6
-5390 5380 -5292 5388 4
8185 9389 8195 9391 3
-9085 7486 -9075 7491 3
-8306 2213 -7728 2217 1
-9054 -2926 -9006 -2916 9
1325 1013 1332 1023 1
-3008 5393 -3000 5397 1
6213 -6578 6222 -6568 5
2553 834 2562 835 10
9154 -9194 9189 -9143 72
642 9480 649 9579 49
2511 9849 2576 9853 1
-763 7045 -754 7049 7
4941 -6235 4950 -6226 3
-5809 -4454 -5808 -4422 1
9504 8188 9509 8198 82
29
-5933 -8746 -5933 7823
5200 -8619 5201 -8527 7
-9066 4107 -9058 4108 1
-9931 -9685 -9927 -9656 1
-3828 9536 -3821 9537 3
4570 6237 4578 6247 1
5132 -8703 5136 -8695 3
2763 -140 2920 -139 1
8434 -3251 8495 -3250 1
251 -2781 266 -2774 39
-9694 -5619 -9693 -5611 1
8372 814 8380 820 1
-4430 -5404 -4427 -5397 8
-1456 -954 -1448 -899 7
-5005 -1673 -4921 -1628 1
7752 -4341 7758 -4331 1
-9934 -3567 -9929 -3560 1
6678 3740 6725 3746 94
-5651 -7895 -5641 -7891 96
5334 -931 5340 -925 2
-9017 8291 -9015 8298 1
-3163 7866 -3157 7870 4
-7137 762 -7134 1214 1
-3091 6389 -3081 6398 1
-6091 1465 -6083 1467 4
-8006 -6436 -7997 -6432 1
-8858 -8443 -8840 -8434 1
9519 6299 9520 6300 8
-5630 5195 -5621 5198 1
-5664 -2972 -5661 -2964 239
44
-1141 1742 -1141 -9309
-9062 4021 -9061 4025 10
6495 -3057 6501 -3050 63
-1215 3194 -1205 3199 8
1025 -2073 1027 -2069 1
8122 695 8137 696 4
-8864 9263 -8857 9264 1
2326 -4522 2328 -4514 5
-8161 9492 -8155 9501 1
5540 -8462 5544 -8408 21
9314 -8739 9320 -8729 1
-9570 163 -9562 170 2
661 5967 665 6007 1
8093 -7991 8095 -7981 6
9237 -7652 9258 -7557 94
-1374 -6890 -1332 -6888 99
-6946 -5374 -6910 -5367 1
-8883 -4976 -8875 -4970 1
-1350 5388 -1254 5391 5
-4015 2106 -4008 2110 1
-4287 7694 -4279 7699 1
405 1800 410 1801 5
4775 4782 4837 4788 1
-9183 9964 -9113 9968 7
-3886 5706 -3359 5714 5
888 8025 894 8030 1
-258 -9438 -250 -9353 7
-6298 8176 -6296 8182 6
2831 -6573 2880 -6551 2
196 71 202 80 1
-9783 5930 -9779 6872 1
7584 -4838 7587 -4833 6
-3136 -3329 -2307 -3314 6
-1524 -9974 -1519 -9967 94
-1934 8291 -1931 8297 1
4879 -6226 4966 -6223 9
2407 -8810 2417 -8799 2
3690 -3900 3696 -3838 3
9941 5994 9963 6002 1
7744 -3241 7751 -3193 5
-2254 794 -2250 802 7
6697 -1210 6698 -476 1
6196 -6623 6197 -6621 662
-764 -8018 -756 -8016 82
7053 3465 7063 3475 1
32
-9260 -110 9114 923
2420 8888 2424 8893 1
-6421 7888 -6420 7897 1
-1675 -7330 -1672 -7325 1
-1462 -4560 -1458 -4472 9
689 1943 763 1988 4
-5785 -7437 -5775 -7427 9
6332 -2269 6425 -2266 20
-2793 9566 -2790 9574 1
-8504 7095 -8502 7097 1
73 5835 98 5890 8
3285 2365 3291 2389 1
-6228 7431 -6227 7439 1
3256 -2693 3266 -2689 1
-2414 -9449 -2405 -9443 1
652 4762 657 4772 5
-9393 -1367 -9370 -1362 1
289 -3932 297 -3911 6
-9034 6883 -9030 6889 1
7831 9427 7898 9434 1
-7353 -3946 -7344 -3937 10
1728 8997 1758 9005 6
-9111 -7417 -9110 -7412 10
4260 9534 4261 9542 1
-1634 3793 -1632 3803 1
7844 -35 7853 -29 5
-139 2972 -73 2976 1
-5562 2750 -5559 2756 3
6541 -7223 6551 -7143 98
4589 9071 4590 9079 1
3550 -8266 3559 -8256 1
6399 7891 7239 7898 3
7251 861 7259 928 2
33
-9353 6451 787 2789
4613 -7918 4619 -7910 1
5255 8732 5264 8737 1
-2789 -7186 -2779 -7181 45
-6516 -966 -6512 -957 6
-5703 -5633 -5623 -4875 9
-8399 1614 -8389 1617 1
-2894 -6286 -2806 -6235 1
-4626 -326 -4621 -299 10
-8902 -8836 -8892 -8827 1
1969 7707 2040 7749 3
-3390 4314 -3350 4381 9
-5530 -7483 -5522 -7372 10
-6662 8233 -6616 8237 4
-8962 -4372 -8954 -4362 1
-8373 -1435 -8371 -1428 10
3975 -5074 3988 -5073 4
642 4019 693 4027 1
-4389 8087 -4266 8094 1
-9332 -8692 -9271 -8691 10
-3357 -399 -3348 -353 1
-8361 8050 -8353 8074 1
-9805 -9534 -9803 -9528 4
3772 -5349 3867 -5309 9
7522 -7152 7523 -7146 1
4385 -2865 4461 -2859 2
8269 -7328 8274 -7327 1
8288 -6243 8298 -6233 3
1111 -4006 1113 -4003 4
-5963 -1014 -5954 -1013 86
807 -5222 880 -5218 1
-5360 9212 -5359 9217 1
2294 645 2304 648 1
-6777 5865 -6771 5870 6
38
-9439 -5850 -9607 3879
-4135 -4417 -4098 -4409 1
9257 6107 9265 6116 1
4180 -3313 4191 -3308 908
6291 -8291 6292 -8233 1
2947 3117 2958 3125 1
-2575 -8666 -2574 -8656 25
3403 -8524 3413 -8521 1
9946 -8591 9947 -8587 1
2317 4438 2327 4447 1
4771 6605 4851 6607 1
2568 4143 2569 4151 3
-9207 -3884 -9197 -3877 10
-9580 842 -9573 874 1
2304 -6616 2375 -6610 86
4754 -4565 5404 -4560 7
7519 2392 7521 2397 1
8418 -2913 8427 -2905 6
-8799 -1142 -8798 -1134 1
-3979 3802 -3977 4616 9
113 -1032 988 -978 1
-4250 3867 -4241 3871 2
3972 2709 3974 2710 20
6390 -5911 6397 -5906 1
4728 -6121 4729 -6116 34
-3333 -884 -3326 -872 1
-9039 -853 -8940 -851 10
6218 -3031 6224 -3025 1
9841 -5779 9851 -5778 11
9365 2979 9366 2988 7
5845 -3765 5849 -3756 90
8935 -9671 8937 -9662 3
-8694 2793 -8691 2794 1
9583 104 9584 107 4
4445 -7947 4481 -7938 1
-8051 366 -8001 372 1
2009 6733 2016 7468 8
-5860 7767 -5852 7773 9
-8621 -1500 -8618 -1494 1
29
533 8109 -9076 -2028
-8741 6514 -8736 6517 1
5618 7394 5626 7400 1
-2150 -9993 -2144 -9987 1
-8076 -534 -8014 -526 1
-1650 8690 -1577 8699 4
-3288 -1098 -3279 -1095 1
-9889 8138 -9887 8145 1
240 4185 331 4187 1
-3547 -8132 -3544 -8129 1
-5606 -2357 -5411 -2351 1
-3845 -5387 -3813 -5383 1
-3242 -23 -3234 -20 204
-5788 8981 -5785 8982 85
1426 -5346 1436 -5339 1
-8543 7125 -8057 7203 7
-5122 740 -5117 781 7
2895 -3906 2911 -3905 9
-7524 1512 -7523 1560 10
-9717 5658 -9714 5668 6
5599 2633 5638 2636 1
-7704 -1613 -7696 -1566 30
9337 9065 9408 9214 1
718 3752 809 3812 1
-9697 5382 -9691 5392 6
5002 3953 5006 3958 1
-8437 -5592 -8434 -5583 2
-6501 904 -6493 914 6
4261 2936 4266 2943 1
-3598 3427 -3591 3429 32
50
-1229 -3803 2638 -3803
-2105 -5461 -2102 -5364 1
2387 3365 2388 3368 7
-5561 -509 -5551 -499 6
4528 9334 5229 9341 2
-8360 2136 -8359 2140 1
8293 9145 8310 9153 1
-6762 -4602 -6756 -4504 29
-9898 7476 -9888 7482 5
-9730 636 -9721 725 5
-3869 -1389 -3862 -1382 4
1776 7596 1782 7602 441
8954 1931 8957 1937 1
7004 6133 7013 6141 1
-8858 -6047 -8857 -5952 1
-3230 -2635 -3225 -2632 8
8449 -1931 8456 -1927 1
-8827 -9656 -8819 -9654 1
7584 -7084 7594 -7083 37
6945 -410 6947 -403 1
5231 4128 5238 4212 15
-273 -2361 -266 -2358 1
2603 8662 2668 8671 5
8976 -3936 8977 -3931 1
4949 1863 4950 1873 9
-6664 9086 -6648 9181 1
444 -642 449 -639 1
-6748 8638 -6739 8646 85
1393 -3755 1870 -3751 72
-1778 3715 -1769 3719 55
3228 6726 3314 6731 1
5674 -3402 5681 -3343 1
-9861 7728 -9851 7729 15
6437 447 6445 881 1
5106 -4617 5115 -4607 800
-7263 -1476 -7197 -1473 1
-2327 299 -2319 352 1
-8863 -5798 -8859 -5793 3
-666 -9285 -659 -9278 1
-8156 1315 -8075 1322 1
1950 7128 1954 7135 1
-7950 6990 -7865 6995 1
6234 7406 6270 7687 2
-5099 8592 -5076 8595 6
18 9414 28 9422 9
-612 7322 -605 7357 1
6006 -950 6016 -946 1
-4056 -5865 -4050 -5864 1
9353 4165 9355 4186 9
-1095 -6874 -1093 -6868 1
-8035 -441 -8027 -423 82
30
1912 649 -7670 649
4396 -9591 4399 -9585 11
-1229 9803 -1220 9813 5
-1281 -1007 -1278 -911 1
-6368 9331 -6365 9417 3
7627 4167 7633 4173 9
9295 -5555 9324 -5486 1
-7823 1048 -7815 1053 1
8787 7598 8886 7679 9
7894 -4416 7895 -4409 1
2459 -1450 2465 -1447 6
6634 -5244 6639 -5240 1
9189 -2388 9196 -2307 1
8740 -8378 8741 -8338 9
2348 8609 2353 8618 6
5134 4844 5865 4846 28
2670 -9639 2984 -9572 8
5226 3698 5234 3700 91
-7843 -4657 -7837 -4649 8
-9367 8699 -9362 8720 10
-9326 5866 -9325 5875 7
-6704 -795 -6703 -764 5
-3375 -4695 -3373 -4636 12
9777 -6787 9783 -6438 1
4632 -1409 4636 -1336 1
-406 7280 -403 7285 57
1955 641 1957 649 1
1502 -9376 1506 -9366 1
-3879 6211 -3878 6215 1
-7151 -9637 -7143 -9588 1
-423 7686 -418 7693 41
31
-1540 1174 -1540 7688
-2198 2762 -2191 2785 1
-6907 7348 -6899 7349 7
9815 -6764 9820 -6756 1
-2095 5416 -2088 5462 446
4895 -6053 4902 -6051 1
4721 -4267 4728 -4265 7
6038 2720 6049 2730 251
5278 4426 5281 4508 68
1576 7707 1584 7760 2
7334 -2781 7337 -2775 353
-1652 290 -1644 351 1
-2085 -8758 -2081 -8756 9
-1371 4308 -1108 4316 1
-5425 -147 -5416 -134 1
-9256 1522 -9249 1524 1
-5645 4896 -5643 4954 4
7245 -7354 7251 -7350 1
-1497 -8078 -1490 -8076 3
-751 7060 -668 7068 54
3891 1873 3896 1880 1
1377 -1399 1421 -1335 716
2155 6195 2216 6205 1
1107 -8620 1112 -8601 1
-6366 -2021 -6362 -2020 75
2507 3651 2511 3654 429
711 6574 769 6576 1
-2202 -4906 -2121 -4900 1
6407 1905 6457 1909 4
5429 -1994 5430 -1985 4
-454 3349 183 3414 5
-2595 7839 -2585 7841 1
29
-3142 -612 -3142 -8731
-5956 2438 -5952 2440 9
2603 -7536 2609 -7534 1
-3337 5235 -3333 5241 1
-804 8717 -801 8720 1
-3806 7770 -3805 7782 1
4649 1781 4659 1785 18
1599 -7529 1618 -7520 1
-5684 -5212 -5674 -5162 1
-7054 8580 -7048 8589 1
-9113 6881 -9106 6941 7
-5111 -8544 -5102 -8485 37
6156 -6692 6230 -6687 56
-7090 -6111 -7083 -6104 22
-5618 -2857 -5545 -2758 1
7624 172 7630 178 1
2432 3026 2442 3027 2
-2534 7612 -2520 7613 4
6548 -8294 6630 -8289 10
-4476 -1278 -4472 -1274 1
122 -460 125 -451 1
-3565 -8956 -3564 -8949 307
-7029 -7943 -7025 -7913 85
6113 5218 6119 5292 1
8862 -7552 8870 -7547 1
1104 -3507 1108 -3432 1
1548 -7769 1575 -7764 2
-1658 -7671 -1648 -7669 9
9755 -3688 9757 -3686 64
8580 -4112 8582 -4111 1
48
-1 -8244 6912 -1453
3835 -1882 3845 -1874 1
-4399 853 -4389 857 1
-4460 2423 -4452 2433 1
-568 1699 -560 1789 10
-3271 -7104 -3262 -7101 1
644 7021 647 7115 6
2502 -1910 2505 -1908 1
-1579 -7035 -1571 -7032 1
738 6745 740 6753 2
375 -1955 378 -1953 1
6729 -9336 6735 -9221 1
4450 -3753 4529 -3660 1
9657 7674 9667 7680 10
7439 -2902 8153 -2893 371
4806 -1419 4809 -1414 7
-8083 -8703 -8026 -8694 2
485 9222 486 9225 59
19 9376 20 9385 1
5707 6294 5713 6302 98
-5861 5022 -5775 5029 1
7094 6330 7120 6337 10
-6909 -2922 -6905 -2915 1
-4068 2775 -4033 2829 46
-431 9351 -422 9402 11
1004 2877 1646 3155 4
-680 -6541 -472 -6538 1
5538 -6831 5638 -6665 5
-8850 9437 -8844 9446 8
1730 9473 1818 9482 33
-9212 348 -9203 390 1
7894 -803 7901 -797 1
-587 2447 -524 2449 8
5339 -5906 5349 -5897 8
-1868 4880 -1813 4940 7
1933 4257 1936 4335 21
-6323 -9846 -6316 -9837 10
6603 1099 6608 1144 1
-3515 -3654 -3514 -3644 1
2255 -2162 2756 -2155 3
-5186 -9098 -5180 -9094 1
-5535 -3279 -5522 -3276 1
68 6442 72 6448 344
-7754 881 -7751 1217 9
-6395 -9380 -6376 -9370 6
-225 -710 -215 -702 85
8052 9894 8053 9900 8
1737 -7640 1739 -7546 1
-1703 -8008 -1684 -7999 1
49
-7303 -478 -2290 -4506
4076 -6899 4084 -6897 4
-4884 9186 -4881 9194 1
-4030 -3772 -4022 -3769 1
9210 257 9212 283 1
9049 -4473 9050 -4463 94
-3397 -5019 -3393 -5012 1
-8775 -8113 -8765 -8105 7
-9399 1760 -9394 1843 1
7909 8375 7916 8411 1
9523 4776 9530 4785 6
-7510 -360 -7503 -356 208
2415 -2295 2538 -2291 1
-2448 -3982 -2438 -3904 1
-6072 2297 -6065 2299 1
5155 5253 5156 5331 6
5045 -6565 5048 -6560 4
-4907 -5274 -4886 -5270 1
-4504 -4397 -4496 -4389 5
-7685 1200 -7678 1216 1
-9658 -9593 -9650 -9584 6
-7025 8622 -7015 8623 1
5923 -3145 5932 -2485 6
4351 2874 4387 2946 1
-2092 2829 -2082 2839 1
9436 3736 9438 3765 9
2588 -6641 2591 -6632 1
-8028 1078 -8018 1087 1
-8825 7892 -8823 7968 10
-1184 -2791 -1179 -2788 1
3137 9368 3147 9440 1
-5759 9558 -5753 9582 10
1105 -4352 1115 -4346 1
-8324 8008 -8246 8017 1
-9504 1005 -9502 1015 1
3531 8112 4132 8113 1
-3632 -2931 -3624 -2925 96
-323 9807 -320 9808 4
-836 -3177 -831 -3169 32
2909 9405 2919 9412 8
-9359 8514 -9356 8524 1
9456 4874 9460 5498 9
8425 -759 8428 -749 1
8404 7218 8412 7228 5
3 -2115 66 -2113 28
3303 -4810 3453 -4313 1
699 -4983 705 -4982 10
-9631 -6148 -9628 -6143 2
-6441 5775 -6436 5778 1
-9536 6860 -9519 6873 1
46
4692 -2293 -9977 -1435
3807 -509 3837 -425 1
-1798 -3113 -1701 -3040 8
-309 -8222 -304 -8220 75
-9248 1774 -9239 1777 100
-4945 6976 -4941 6985 5
-3535 -2348 -3528 -2338 1
-4562 -8262 -4561 -8260 1
2643 -2774 3342 -2766 3
6432 5608 6442 5612 54
3864 6958 3869 6968 1
394 -7604 419 -7596 6
9580 -6008 9587 -6000 91
2302 994 2382 995 1
-9236 8224 -9229 8234 1
-3803 -5910 -3791 -5908 1
3482 935 3492 941 1
-2642 -5394 -2059 -5297 25
826 -4253 890 -4249 9
9034 -6573 9066 -6492 1
-2886 6995 -2791 7005 71
1018 -6372 1028 -6288 5
2444 -7966 2453 -7932 9
7229 -2792 7230 -2788 1
-5726 -3948 -5649 -3947 10
4755 -2730 4779 -2720 10
-1965 -9552 -1876 -9548 1
6464 7905 6467 7906 1
-7843 -1476 -7839 -1427 1
-2663 -1555 -2661 -1551 4
-5349 2 -5344 5 51
5374 7780 5398 7783 1
-7035 -4964 -7032 -4961 4
-9381 3113 -9380 3120 10
-4535 7969 -4525 7979 1
-5616 8797 -5541 8807 1
8866 -4734 8945 -4673 1
9716 -811 9717 -810 8
5639 -7020 5643 -7012 2
2324 5535 2331 5538 5
-1959 -8591 -1953 -8587 1
-7317 -5413 -7312 -5403 1
-9935 -1555 -9933 -1548 10
-622 -5249 -597 -5242 1
-1278 -737 -1231 -727 1
-8546 -2865 -8540 -2855 1
1151 -1643 1156 -1634 2
26
1195 3910 -9329 -3251
-7564 7030 -7556 7070 1
642 3880 651 3883 1
4664 -2634 4667 -2630 10
3266 -3258 3273 -3252 1
6218 4134 6228 4140 3
2017 -2938 2027 -2935 5
-3815 9170 -3814 9178 5
-5173 7566 -4983 7575 9
1304 -942 1311 -933 9
4192 -9807 4197 -9800 1
-4039 -6349 -4033 -6341 1
-7937 -5556 -7928 -5546 1
-8189 9959 -8106 9962 1
-6691 8222 -6684 8274 1
7135 -6234 7139 -6224 1
6155 -942 6526 -933 5
9367 -8437 9375 -8427 3
-1756 5889 -1699 5892 1
7012 -8683 7021 -8611 2
-5614 9724 -5578 9726 1
8272 -4468 8366 -4467 1
3098 -3701 3100 -3696 1
2800 2961 2877 2962 37
-5949 -931 -5947 -921 829
3549 917 3553 920 4
9961 -2206 9964 -2196 1
42
-1002 3205 5667 3205
-8567 8478 -8560 8488 4
572 -289 573 -279 2
136 -3773 230 -3699 10
755 9657 759 9666 5
-3309 -4594 -3285 -3643 1
9857 9759 9859 9764 2
3160 -5114 3232 -5112 5
9857 -3242 9860 -3241 1
-3126 1753 -3041 1762 68
3324 -5530 3331 -5525 3
1769 1849 1779 1851 8
-5383 -7607 -5382 -7543 5
8468 -6250 8511 -6245 1
1632 255 1633 258 1
5890 665 5898 669 486
-5878 6924 -5871 6933 3
700 -1715 782 -1710 9
6073 5688 6081 5693 29
4913 8009 4970 8016 1
-8436 -5078 -8252 -5069 10
-7458 -8502 -7454 -8495 1
-6934 -2783 -6870 -2777 18
1952 9494 1953 9498 1
7638 5378 7639 5383 1
6990 8574 6997 8580 1
-4290 -7601 -3675 -7600 1
-9174 9306 -9165 9309 38
-4433 -2668 -4427 -2664 3
7505 -7282 7555 -7257 1
863 295 872 305 5
6189 -9991 6192 -9987 1
7504 -1335 7547 -1308 7
-110 7923 -106 8005 1
7196 3824 7287 3832 1
6551 -9952 6585 -9948 4
-3866 5358 -3775 5361 1
5617 2602 5694 3575 1
-8530 -4429 -8527 -4420 1
2022 -342 2032 -335 1
8925 -608 8949 334 1
-8254 3957 -8252 3966 1
-379 -8821 -370 -8814 1
34
306 -3200 -9282 -3200
-9264 -7729 -9251 -7699 1
-2515 -7056 -2514 -7051 1
9862 -2238 9871 -2152 7
5855 -2154 5858 -2081 8
720 9564 727 9571 1
-4484 -4042 -4189 -4034 1
3062 6477 3082 6479 1
2527 6559 2529 6562 1
2351 2424 2357 2518 1
-2850 8255 -2848 8260 5
6619 -6358 6624 -6357 3
271 -4631 274 -4627 418
-7913 8112 -7903 8119 2
6562 -1012 6565 -108 6
-129 3899 -127 3927 37
-1106 1980 -1098 1986 1
-9604 2572 -9544 2575 15
-2100 -3895 -2094 -3894 1
3635 2534 3643 2541 5
5642 -7213 5650 -7204 1
6208 7355 6209 7418 10
9127 -4069 9134 -4025 1
-6229 -3002 -6224 -2994 61
-7388 3052 -7383 3055 1
2878 1930 2885 1932 6
3587 74 3597 152 1
-3370 8998 -3362 9003 10
-3939 -89 -3937 -18 1
2203 2860 2208 2960 1
-8500 4889 -8495 4929 2
-6264 6658 -6263 6707 1
-2802 7250 -2762 7251 1
-3674 6145 -3669 6225 8
-5919 -4742 -5918 -4732 8
50
-8270 -9503 -8270 903
-4065 -9578 -3978 -8769 1
334 -3085 342 -3078 8
4338 -5382 4342 -5374 10
8093 -4434 8142 -4347 1
-3698 -4468 -3690 -4410 1
-9103 5026 -9095 5036 100
-8234 -6019 -8231 -5990 5
-4395 6046 -4388 6092 10
-5762 2521 -5758 2593 8
9165 7099 9168 7100 9
338 -2479 386 -2475 1
-8078 479 -7984 485 4
-163 2234 -153 2235 1
-2882 6702 -2881 6735 1
8597 1284 8600 1291 2
-4699 -8126 -4695 -8124 1
-6200 2585 -6191 3274 1
6706 -3720 6714 -3712 4
1627 -5408 1636 -5390 1
3853 -1090 3854 -1019 6
8548 7381 8553 7385 1
-6414 -3555 -6412 -3545 10
-681 -9036 -677 -9023 3
3154 6858 3164 6891 1
-9893 6672 -9886 6702 4
8771 5262 8772 5267 1
-270 1533 -187 1541 1
-8968 866 -8944 867 1
6122 -7015 6126 -6987 1
2959 -9936 2968 -9927 9
-5473 4766 -5464 4775 1
8438 -6445 8440 -6424 747
-61 -5356 824 -5351 1
-356 -6953 -348 -6950 8
3227 -4939 3228 -4931 1
-1379 -5760 -1377 -5759 1
702 -6233 705 -6231 1
-9367 -8819 -9365 -8818 8
9762 3956 9846 3963 3
8214 -2899 8220 -2870 1
1464 3085 1478 3405 1
6259 6683 6263 6724 1
9844 1186 9896 1211 5
320 4247 323 4253 1
-2098 -2915 -2051 -2913 16
9953 -4993 9961 -4987 69
5628 -1961 5630 -1952 1
5907 -6076 5910 -6068 1
-5400 -3648 -5394 -3562 1
-6858 6657 -6822 6658 1
31
-1621 8137 -1621 -9240
-7139 -3992 -7137 -3921 5
4211 9259 4220 9261 5
-7849 -593 -7834 -584 8
-8581 -7928 -8574 -7925 4
2438 3699 2440 3702 1
-1721 -4030 -1715 -4024 93
9853 1386 9862 1394 492
9751 -4131 9752 -4129 1
3322 5586 3331 5587 50
7080 7317 7083 7822 32
-8305 3487 -8304 3496 64
-6727 -9435 -6720 -9406 49
-3710 -2859 -3684 -2851 1
-5538 -7648 -5469 -7644 82
-9216 -6285 -9213 -6282 9
-5601 -9454 -5551 -9452 1
8129 4982 8228 4984 55
-6380 7108 -6373 7113 1
7972 -8769 7977 -8765 10
-9844 53 -9843 54 1
-5081 8156 -5078 8246 4
-5176 2702 -5175 2703 1
-9190 7140 -9113 7218 1
5761 5836 5812 5845 71
7470 -2211 7477 -2208 6
7921 3871 7929 3876 75
3709 5166 3718 5173 1
3186 -3726 3192 -3719 8
2991 2998 3039 3006 344
4869 -8067 4870 -8066 1
248 -2477 255 -2473 58
42
-7377 -6162 -6611 1377
-2122 -6967 -2116 -6961 1
-3882 -4942 -3878 -4865 1
7142 -2845 7148 -2844 2
6290 4986 6293 4990 1
3116 8694 3118 8762 10
-9961 4487 -9959 4495 901
-711 -7072 -706 -6997 7
6031 -9117 6035 -9115 93
9081 3850 9088 3857 1
7752 -5118 7758 -5110 2
-9103 -3978 -9039 -3969 36
6627 -2589 6677 -2579 6
4850 -9487 4856 -9480 1
-9931 806 -9927 859 2
-5211 -7899 -5210 -7889 54
5949 -6747 5977 -6725 28
7149 -729 7154 -721 2
-9023 1840 -9014 1844 95
-2740 8448 -2730 8456 1
7033 9210 7034 9211 1
5794 -5727 5802 -5274 1
-7239 1821 -7235 1908 1
-9183 6155 -9158 6205 45
5237 -4619 5246 -4578 5
7237 2806 7245 2853 1
4758 -5474 4808 -5447 9
-8335 3492 -8328 3530 26
-7689 6691 -7686 6751 6
1919 2067 1920 2068 1
7706 -2018 7740 -2009 1
5986 1613 5995 1617 2
6210 9581 6296 9588 4
8731 -9055 8736 -9053 5
-3825 5200 -3819 5268 1
-1301 1102 -1291 1306 2
7189 8357 7197 8365 1
-6564 -449 -6557 -443 52
2710 5200 2711 5205 1
7046 -1489 7056 -1487 1
649 3395 650 3396 5
2010 -5490 2013 -5071 75
9152 95 9153 102 4
32
-868 8849 5895 -4805
929 -9259 949 -9215 2
-1025 -5095 -1016 -5032 67
-722 -168 -716 -158 35
8531 -6265 8540 -6260 1
5513 418 5560 425 2
-4938 3705 -4855 4122 1
8610 -2859 8614 -2851 3
7017 -1761 7397 -1751 56
6231 -3775 6232 -3327 7
3913 761 3917 762 89
-3309 -2785 -3305 -2776 1
-3101 7069 -3097 7078 1
-4875 -266 -4871 -260 93
6300 4801 6386 4807 7
-5653 -7716 -5642 -7644 1
-1810 -3084 -1777 -3050 48
-9018 -9194 -8994 -9145 1
6947 4546 6949 4552 1
5075 -1787 5116 -1783 19
7578 2567 7588 2576 5
3058 -4513 3208 -4416 2
1 3089 8 3104 3
-1515 2673 -1505 2680 1
-540 -794 -533 -785 1
-9237 8899 -9231 8932 3
7712 -4241 7722 -4233 1
-64 9505 80 9553 60
-3988 -2540 -3987 -2533 7
9288 -8138 9632 -8133 2
745 5148 754 5152 86
9960 -2370 9963 -2274 80
-9786 3520 -9781 3577 8
49
1402 414 -9294 7130
-3263 -3987 -3254 -3983 1
907 3139 908 3149 1
2543 8476 2545 8478 1
-1162 1675 -1158 1684 70
-6215 -4918 -6211 -4917 1
6588 9369 6594 10000 1
-8240 3444 -7632 3481 1
7936 -4717 7945 -4708 8
3417 142 3418 150 100
-1047 -1004 -1041 -995 10
-6735 -3417 -6727 -3395 10
6901 -1882 6960 -1875 1
-6646 -5179 -6643 -5170 3
-1939 3168 -1932 3169 9
3834 8660 3837 8663 9
-5859 684 -5779 783 1
1750 8921 1751 8930 8
-4753 -1159 -4653 -1129 6
9750 -4017 9820 -4016 1
226 -5812 276 -5804 1
-7004 9610 -6996 9613 5
-9861 -20 -9855 -19 5
-2863 -842 -2862 -834 98
-6900 -8450 -6828 -8418 9
5181 -9357 5270 -9353 5
8404 6018 8714 6024 1
-5166 4698 -5157 4706 3
9661 5422 9668 5425 7
-6769 -6003 -6762 -6001 96
-3393 1500 -3318 2453 2
8983 -2264 8985 -2255 1
-5724 9188 -5714 9194 1
115 -8548 167 -8542 2
-6364 3391 -6357 3393 1
-5516 -4142 -5511 -4135 1
-6304 -1481 -6297 -1473 1
-4325 -6560 -4238 -6554 1
3336 -9988 3345 -9979 2
-9442 -8829 -9436 -8821 1
-5656 6128 -5650 6129 4
-8776 -8924 -8773 -8917 1
-5056 9572 -5048 9573 1
7138 -7874 7147 -7869 10
8222 -8188 8266 -8105 1
-1324 -1727 -1319 -1722 6
4970 7464 5003 7499 10
-4355 -4250 -4352 -4244 1
1437 -7563 1442 -7502 1
8253 -7579 8346 -7517 5
33
9873 -3447 7706 -7771
-1627 4884 -1621 4890 1
8915 4576 8918 4580 4
5781 9757 5788 9760 2
3758 -5799 3767 -5795 2
8669 -5354 8673 -5353 1
5629 -3743 5630 -3740 1
-8905 14 -8902 17 3
-4057 -4126 -4055 -4121 5
1787 -3194 1792 -3193 1
-6015 -99 -5979 -98 1
-8367 -711 -8361 -709 1
-2942 -1108 -2932 -1103 1
-6064 727 -6056 734 1
1443 -7199 1445 -7195 35
-3786 -9734 -3784 -9671 2
9433 3020 9437 3025 2
2702 2841 2709 2851 1
4074 -9182 4082 -9178 1
-2959 3567 -2954 3601 1
4697 7499 4706 7509 16
-9858 -2471 -9855 -2448 1
8155 -8933 8960 -8930 87
-8102 1366 -8096 1368 7
-8374 8002 -8373 8009 5
-4712 5576 -3894 5581 6
4420 9291 4551 10000 1
8453 5137 8514 5210 8
-3375 2166 -3314 2168 1
3534 -9681 3631 -9672 4
9627 -3558 9666 -3553 10
-3763 -1617 -3755 -1615 1
-5372 1519 -5311 1524 43
-6459 5440 -6436 5492 1
42
-6475 -9636 3683 -9636
-5689 -4444 -5678 -4438 1
8100 5960 8108 5985 1
5006 1297 5095 1298 1
-1976 -3657 -1972 -3649 1
7544 7726 7551 7727 1
-2829 7089 -2826 7091 1
873 -5329 956 -5273 1
4807 -4161 4809 -4155 5
-663 -4063 -638 -4062 1
2737 -3076 2747 -3075 1
7781 1269 7879 1276 9
1429 1728 1552 1736 6
-3661 -3672 -3654 -3669 1
-1590 1467 -1580 1527 4
6465 1158 6474 1167 1
-4266 -9446 -4264 -9440 65
-5543 -5149 -5481 -5146 1
1849 1796 1858 1800 8
5573 -8155 5578 -8145 1
151 -3762 157 -3760 1
2440 -564 2443 -491 1
-7920 -6097 -7919 -6022 1
2297 9095 2307 9100 1
9326 9624 9336 9696 1
-6215 2260 -6209 2264 1
7842 -9307 7881 -9304 1
6230 8649 6231 8708 4
-2990 -5791 -2980 -5790 1
8017 -4029 8020 -3527 1
-6769 -186 -6767 -180 1
9265 -9648 9270 -9640 11
-7942 5865 -7932 5873 1
-7472 9485 -7470 9492 6
951 -398 958 -397 1
-7090 -3810 -7086 -3800 9
3627 -9431 3649 -9428 14
-9272 -9023 -8667 -9021 44
3906 4432 3910 4439 1
2287 -9968 2302 -9962 1
9070 5655 9080 5656 1
-185 -559 -179 -558 1
7101 9811 7104 9858 79
34
6320 2419 2954 2419
5510 5745 5513 5792 9
9347 4020 9350 4141 8
5858 -9947 5859 -9937 1
-4035 7713 -3987 8230 1
8998 -157 9008 -121 8
5291 2790 5295 3593 5
9221 2523 9225 2533 55
6960 -3508 7010 -3507 1
-7167 -6241 -7161 -6231 1
-2445 -2319 -2443 -2318 1
2578 -1551 2590 -1532 1
6368 -9484 6373 -9483 5
-8147 9359 -8141 9364 6
7270 -8708 7271 -8698 4
6607 -5503 6616 -5419 39
-7249 -3729 -7248 -3726 817
-7617 -5425 -7614 -5415 1
277 9094 327 9097 1
5994 -313 5995 -305 1
-6917 7395 -6916 7404 1
1434 8911 1435 8982 9
-8571 -9101 -8545 -9097 1
-4811 2511 -4801 2576 1
-542 -8606 -508 -8604 9
7491 6174 7501 6176 185
254 4474 263 4476 1
6663 -9309 6670 -9306 2
-3799 8118 -3796 8127 1
7753 4519 7761 4525 8
1703 6086 1711 6096 5
3322 2522 3376 2523 7
-264 6513 -196 6527 1
-4081 -9992 -4067 -9991 6
4562 -9796 4567 -9791 7
42
-7924 -4037 -7924 9501
-8521 -2597 -8516 -2593 1
-7913 -1288 -7909 -1259 1
9357 -1485 9362 -1476 68
6594 4845 6645 4852 7
9981 5774 9987 5779 4
1821 8439 1912 8446 1
-761 -1920 -706 -1911 1
-5941 5610 -5842 5673 1
-7023 4708 -7022 4713 19
-2497 -2777 -2487 -2770 1
7613 -2575 7620 -2573 1
8168 -6742 8169 -6739 7
4073 -8008 4075 -8005 495
-2222 5587 -2219 5680 6
5071 -8506 5076 -8496 2
-3642 -4058 -3632 -4017 32
2717 -9779 2725 -9771 8
5830 8994 5833 8997 3
8094 6058 8186 6063 4
-364 -3756 -362 -3750 7
-366 -4944 -358 -4937 1
5209 8102 5296 8105 2
-3194 5963 -3189 5972 1
2880 7842 2888 7849 1
-3867 2103 -3821 2110 4
-51 9672 -46 9680 1
-8769 -7846 -8715 -7840 3
-2247 -2382 -2245 -2378 1
-453 5586 -449 5588 3
5519 -7661 5521 -7627 4
6857 926 6864 933 10
-4125 -6624 -4122 -6619 1
-85 -4111 -75 -4107 1
842 8990 852 9000 1
-6412 -7265 -6379 -7233 5
-3121 -9074 -3117 -9067 10
-7465 -4842 -7455 -4835 1
9514 -5366 9520 -5360 4
7880 -8249 7885 -8165 63
4716 -3686 4726 -3679 1
-4042 2793 -4037 2800 63
8220 -4295 8230 -4293 81
33
-3386 2591 -3386 -5231
9624 -5915 9640 -5909 1
-3254 9066 -3025 9072 1
-6737 8054 -6728 8224 1
-399 5676 -340 6635 72
9982 -2207 9991 -2198 40
-1931 -7956 -1927 -7949 2
1294 8035 1340 8045 1
4143 -6196 4144 -6186 7
409 -6993 450 -6989 5
8953 155 8962 181 8
-5360 6335 -5355 6336 7
430 -1144 452 -1143 5
-8435 -9540 -8434 -9532 1
-7649 5823 -7648 5827 4
-1375 6331 -1365 6336 1
6099 -4653 6108 -4652 1
-6168 4673 -6075 4677 9
-8713 4222 -8711 4225 9
-8271 -9120 -8264 -9113 8
-4238 4592 -4235 4677 1
3229 -5846 3234 -5844 1
5742 8739 5748 8742 1
6862 6599 6869 6605 51
-4997 6070 -4983 6079 6
8517 9871 8523 9876 8
6250 -2702 6259 -2697 1
8616 -9947 8619 -9941 1
1226 9166 1231 9169 3
3764 4828 3863 4832 1
-8423 -6192 -8419 -6152 58
-7969 -1150 -7884 -1141 1
-7921 6942 -7912 6949 76
-3511 2390 -3506 2395 68
39
-540 -4819 1100 6124
840 7939 846 7948 3
-562 -2113 -510 -2054 83
2207 -6544 2208 -6534 2
4090 1668 4240 1670 1
-7249 -2145 -7243 -2079 1
8055 -2754 8091 -2744 2
-988 1182 -914 1190 5
-2833 7120 -2827 7171 1
3629 -4674 3719 -4668 1
5693 -2100 5699 -2098 1
-2474 4627 -1873 4628 10
3526 6328 3531 6334 1
-2027 -8901 -2025 -8892 1
-9087 -9324 -9084 -9322 1
6050 -398 6054 -395 1
-3040 8390 -3030 8393 1
-4563 -5235 -4558 -5234 35
7933 930 7942 984 832
-2641 -5017 -2635 -5013 3
-8633 -7146 -8601 -7136 6
-2009 8532 -2000 8538 8
-5452 3529 -5370 3580 10
7591 -5029 7592 -5019 1
-5420 8191 -5418 8192 6
-305 7478 -297 7483 5
-2889 -9860 -2809 -9857 2
-9553 2553 -9551 2569 70
-6816 -6867 -6806 -6863 1
1994 6144 2051 6147 5
5260 2937 5270 2943 236
586 4096 587 4169 1
1594 -8955 1637 -8947 76
3589 -2809 3596 -2747 1
-9488 -2340 -9484 -2332 10
4556 -4990 4559 -4984 1
5906 -989 5916 -986 93
5709 -8147 5712 -8140 1
6466 -4217 6524 -4158 1
2941 451 3010 458 33
29
1923 -1232 3886 -8664
6766 138 6773 140 89
-1355 -244 -1346 -243 1
-5063 6241 -5054 6320 7
4800 2225 4804 2330 4
-1956 8084 -1343 8090 85
-4926 -3149 -4924 -3139 1
-3607 -5142 -3549 -5135 1
4645 4197 4649 4203 6
6716 1022 6717 1024 162
2492 -3312 2493 -3309 1
5843 -4025 5844 -4024 1
973 -7447 978 -7445 1
1145 3377 1214 3387 1
-9323 9421 -9253 9467 2
-9953 2675 -9948 2680 1
-9228 -7440 -9222 -7435 9
-6778 4734 -6769 4739 1
-1080 -4937 -1073 -4898 4
-3604 9226 -3601 9233 7
8538 493 9040 497 2
9178 4578 9213 4582 1
2155 2626 2165 2631 49
3579 -3579 3588 -3574 1
7893 -4943 7901 -4878 2
8165 5235 8168 5245 900
3794 6006 3798 6011 1
865 -3343 875 -3335 1
-7998 -5509 -7992 -5506 3
7653 7586 7658 7609 1
37
-9 -1143 -3427 2776
-8806 3367 -8799 3372 641
-9009 8794 -8954 8803 1
4540 2092 4543 2480 4
-1368 -4821 -1363 -4797 8
8455 1219 8456 1226 1
615 5845 624 5850 10
7472 7422 7550 7516 8
-4569 -6754 -4485 -6720 39
-3922 7440 -3916 7442 1
-2219 1949 -2210 1950 363
-2056 -8444 -2003 -8441 7
596 -328 654 -321 38
1834 9103 1928 9106 2
-6144 9527 -6140 9529 1
-1347 1207 -1338 1208 1
-8378 -5413 -8375 -5403 1
6010 -5482 6019 -5472 9
3347 -5545 3349 -5535 1
-1535 5878 -1444 5886 21
6272 4565 6274 4571 2
5109 -6414 5113 -6409 52
-3375 -6427 -3372 -6421 1
-245 -6537 -152 -6496 9
-484 -1791 -454 -1748 3
5158 -2723 5240 -2718 4
-2640 -8074 -2565 -7982 97
-8070 7629 -8060 7714 1
8977 3876 9061 3881 1
9389 -9612 9397 -9228 38
2823 -3652 2830 -3645 10
-7351 -5523 -6571 -5522 1
-5398 -8461 -5371 -8457 5
6234 -9988 6321 -9987 5
506 3605 512 3695 10
-6171 -6839 -6162 -6836 8
-3402 -6291 -3398 -6290 2
4885 5292 4890 5304 57
36
6473 4139 1297 2064
-3298 6214 -3296 6235 1
-8727 -8800 -8720 -8793 5
-6136 8912 -6089 8919 1
5372 3625 5426 3669 2
123 8962 125 8968 40
-5972 6956 -5963 6966 6
-877 -9582 -872 -9574 95
-2281 4324 -2276 4328 7
-7157 -1756 -7099 -1749 6
-5998 -8936 -5960 -8930 1
-2818 3069 -2816 3077 471
-7991 932 -7989 941 1
-4406 9868 -4335 9869 78
-5752 -4733 -5743 -4686 1
-9696 1443 -9694 1468 5
-7319 704 -7309 718 10
-9890 -9200 -9790 -9144 5
4169 6672 4179 6765 60
-9787 -6279 -9731 -6269 5
2942 -5276 2943 -5273 4
8838 9970 8840 9977 8
8083 -3417 8087 -3416 1
3029 5303 3091 5306 1
-6797 7983 -6745 8059 1
7226 1733 7230 1735 1
-5821 4316 -5819 4325 1
-1563 3047 -1562 3056 1
6571 3050 6581 3088 1
-9610 -6417 -9608 -6407 1
557 3609 559 3611 1
-2490 3240 -2489 3302 5
2713 -4881 2714 -4877 9
9503 8084 9512 8118 2
2633 1962 2640 1965 1
-4291 6031 -4288 6038 1
-4314 -8973 -4304 -8967 1
32
-1813 -9563 9474 -9563
-7756 457 -7751 461 7
-3460 2831 -3417 2839 1
-1017 -829 -1010 -736 1
5707 -4035 5709 -4029 1
-3530 -8274 -3520 -8269 1
-7457 6544 -7447 6602 81
6843 8623 6886 8629 4
2995 5268 2997 5289 29
-7373 468 -7292 667 1
8638 -9188 8642 -9185 627
-3761 -4957 -3738 -4954 9
4856 -3895 4934 -3893 1
9418 -5076 9420 -5075 7
7948 -1649 7949 -1639 67
-5460 7358 -5457 7417 1
-3280 8933 -3279 8937 1
-2646 -9614 -2644 -9609 1
-100 -813 796 -811 2
5208 3762 5213 3772 1
9507 -8843 9512 -8840 1
-3352 7013 -3349 7020 10
-8534 -8907 -8528 -8906 8
8096 4494 8103 4498 7
-4723 4176 -4700 4182 5
-5394 319 -5387 369 1
-166 -2001 -132 -1991 9
8855 1298 8900 1301 1
8372 -3663 8429 -3623 4
-8667 -457 -8663 -383 1
-1051 4636 -989 4641 1
1107 -8718 1109 -8711 3
-1822 7270 -1815 7278 1
36
9016 -2371 -7426 -2371
-6382 -2474 -6379 -2382 44
-7805 -2210 -7802 -2209 47
8323 8959 8417 8980 1
6448 -390 6454 -386 1
176 -7749 262 -7744 1
8415 6426 8429 6430 1
-2693 -7284 -2690 -7278 1
2091 -6440 2114 -6396 6
8896 -8280 8898 -8275 5
-8128 7924 -8127 7925 4
9624 4792 9625 4809 54
-1173 -1469 -1169 -1430 8
2777 -4128 2792 -4120 10
-8585 2255 -8583 2258 6
-5663 9549 -5654 9559 414
-7846 2178 -7837 2247 2
4745 6754 4749 6760 212
-7156 9076 -7148 9082 1
9234 -7281 9269 -7277 3
-8956 3081 -8951 3082 8
1099 -4602 1122 -4601 4
-1396 -9495 -1295 -9485 1
-5912 5355 -5834 5364 1
2925 -6279 2932 -6270 1
9662 -2772 9669 -2765 10
-1287 -3038 -1238 -3022 90
-8049 94 -8041 101 1
1818 2416 1854 2419 1
-3160 -6921 -3066 -6875 1
-9149 4468 -9148 4478 1
573 -4208 579 -4201 10
6678 -1002 6679 -998 3
-3735 -8994 -3727 -8993 9
-6756 -7462 -6751 -7461 2
3992 -1458 3995 -1452 1
5849 5905 5855 5908 1
48
2245 -2033 2245 7928
-8918 -8525 -8877 -8429 4
-2931 -370 -2907 -366 24
-3120 -5790 -3110 -5787 1
-4212 -7398 -4134 -7393 1
2228 655 2236 662 18
-5870 1275 -5789 1279 1
-4933 5106 -4927 5111 76
2386 1296 2467 2232 1
74 -5960 127 -5958 5
5997 9487 6000 9814 5
3882 -2307 4191 -2302 4
-8388 -9942 -8379 -9939 1
-4336 -8645 -4333 -7852 1
1404 -6187 1466 -6141 1
-2700 -6522 -2674 -6521 4
-4460 -9906 -4451 -9899 4
5509 -4587 5513 -4582 10
-5316 8465 -5308 8474 1
-5115 2492 -5073 2534 1
447 -9135 448 -9122 1
887 -1588 897 -1583 1
-7911 234 -7901 243 7
-2694 9426 -2690 10000 1
2097 -9594 2103 -9587 1
-5637 9793 -5592 9832 75
-9209 -6398 -9207 -6397 62
4205 5375 4215 5376 4
-8555 201 -8546 207 1
682 9058 686 9062 1
-4783 1717 -4775 1718 1
6926 -3208 6927 -3207 48
8655 -3418 8658 -3415 1
-4022 -2238 -4015 -2197 7
8760 -2231 8767 -2221 1
574 -4642 583 -4633 1
8622 -4225 8631 -4138 76
8541 8394 8544 8480 3
-6920 8427 -6884 9066 8
1571 4266 1580 4275 1
3837 7708 3839 7711 1
7046 9499 7056 9501 10
-7647 2174 -7601 2180 1
-8504 -7256 -8497 -7254 10
1855 2019 1860 2074 1
9752 -2194 9762 -2188 11
7340 2328 7385 2337 1
-2061 4230 -2057 4239 1
-832 9181 -826 9182 3
38
-6308 4386 -6308 -6327
2389 -1895 2398 -1887 9
-4211 -6482 -4203 -6476 9
-3896 8115 -3811 8202 1
-6594 -2789 -6586 -2779 1
6231 2471 6309 2474 1
-3425 1742 -3420 1797 1
3179 -7163 3271 -7153 1
5872 8261 5881 8351 1
-9426 -4160 -9417 -4152 10
-8891 4496 -8881 4504 1
7932 -9568 7954 -9565 1
157 -1335 841 -1332 55
7002 -9227 7024 -9217 7
-9173 8587 -9110 8594 1
122 5345 127 5369 1
3135 -6776 3142 -6768 1
4973 -34 5062 -24 2
-8631 -4923 -8625 -4915 1
7350 -2198 7357 -2194 7
9358 -2256 9369 -2221 68
3810 7780 3825 7788 1
-3349 2227 -3347 2233 753
8316 -1518 8378 -1514 754
-6725 2902 -5727 2906 6
-8937 2254 -8934 2257 94
-6978 3129 -6968 3131 75
6712 -3487 6717 -3486 6
6619 -8509 6641 -8445 10
-5932 -562 -5901 -554 1
-1381 2365 -1373 2366 3
8948 -5683 8957 -5590 5
-2102 -7318 -2067 -7308 1
-3088 -3013 -3075 -3010 10
-4426 3080 -4419 3141 10
-9824 -9561 -9820 -9556 1
-1107 7124 -1104 7165 1
8739 6010 8745 6015 1
1943 -161 2031 -157 1
49
-9466 -9379 -4258 -8673
8981 -533 8991 -530 1
-9532 -5655 -9526 -5650 71
8940 -5042 9011 -4991 1
435 -2680 439 -2571 150
3946 -5442 3951 -5427 1
-3130 6017 -3127 6021 8
7571 2688 7574 2748 42
-6887 -9264 -6881 -9258 37
-1202 2571 -1195 2579 5
9629 6401 9638 6410 1
-6558 -3793 -6525 -3730 3
9043 -6145 9047 -6140 1
6957 -3129 6978 -3125 1
4577 -2144 4579 -2136 1
8260 -2695 8262 -2676 25
2788 9170 2793 9203 2
993 6888 997 6975 1
8750 2548 8751 3408 8
-5008 -3371 -4631 -3324 1
-3167 -2533 -3131 -1921 5
-5946 7105 -5937 7110 96
-3904 -2163 -3901 -2157 841
5969 -1876 5970 -1875 48
6951 8442 6954 8449 7
-4970 3558 -4945 3646 7
-3087 -6163 -3050 -6156 906
-5845 -4776 -5768 -4774 3
8416 8712 8421 8720 1
-7990 -6305 -7989 -6302 1
9630 -8373 9636 -8364 4
6427 -2582 6431 -2574 67
2778 -1498 2784 -1492 6
-5072 -1030 -5068 -1022 1
-9900 5083 -9897 5174 1
749 -6626 758 -6563 1
584 1247 675 1250 1
7744 2573 7747 2581 1
-6153 7086 -6151 7087 7
6714 -1970 6719 -1950 68
9146 385 9151 395 1
5909 -5949 5917 -5945 2
-7002 5404 -6995 5405 4
9681 9478 9689 9480 226
-2619 5822 -2594 5827 1
7830 179 7831 181 1
-492 -707 -489 -705 1
3372 -8535 3382 -8527 7
1643 3584 1645 3591 7
1426 1751 1435 1759 3
46
-6472 4196 826 -1174
-8950 -2433 -8856 -2370 1
1157 -8427 1182 -8422 18
7054 -8537 7057 -8531 1
-3194 5841 -3187 5842 2
7818 -5365 7823 -5360 1
9586 -3065 9589 -3064 1
7714 -5755 7722 -5743 2
-1446 717 -1439 721 21
-5708 -8220 -5702 -8215 1
2018 -7680 2027 -7677 90
-55 3557 -45 3560 40
185 192 279 231 3
8351 -7239 8355 -7235 1
4348 -2467 4407 -2454 40
3157 -3544 3159 -3537 1
-8161 -5506 -8157 -5452 475
7581 -580 7640 -504 1
6787 -1527 6797 -1524 7
-3592 3196 -3586 3292 3
-3377 -3421 -3368 -3336 3
2314 -8262 2315 -8261 1
838 -3518 843 -3511 1
1413 -5897 1420 -5843 1
273 1145 278 1151 1
-8264 2075 -8209 2085 1
4735 -6642 4739 -6636 1
2139 2830 2145 2831 5
-7339 -4278 -7333 -4273 2
-6174 -5223 -6166 -5218 10
8615 1641 8616 1651 1
-1258 -7976 -1251 -7972 1
1010 -4154 1084 -4148 1
-1689 -8193 -1679 -8116 1
-39 924 -36 927 9
-2770 2653 -2234 2668 1
9299 -9726 9309 -9718 4
9202 469 9609 478 7
-6614 7195 -6612 7240 4
5850 1731 5876 1738 1
8323 797 8325 805 1
2668 7879 2670 7889 1
-5354 1446 -5289 1451 79
7684 8579 7751 8584 1
6341 -6620 6342 -6537 57
-1140 -3786 -1079 -3783 3
1735 4391 1739 4392 53
37
8039 -594 -5606 5483
-7016 594 -7010 618 1
-2922 2427 -2913 2437 1
-7092 5344 -7034 5346 1
1339 -5472 1345 -4603 1
-7764 -3971 -7763 -3970 1
89 4753 132 5540 1
7104 2572 7125 2588 1
-2066 9536 -2063 9540 19
-7154 -9712 -7145 -9705 1
-1131 -4964 -1126 -4958 45
2962 6027 2967 6098 10
5939 5078 5948 5084 9
8927 -4080 8929 -4020 2
-9222 -5181 -9213 -5179 4
-6890 -2861 -6886 -2859 56
-4298 8302 -4291 8307 8
845 -1833 925 -1831 1
-9082 6278 -9080 6323 1
-5063 -7279 -5017 -7274 1
-5849 6443 -5816 6446 1
6907 5412 6912 5413 3
2802 -9977 3467 -9965 5
-2875 -812 -2865 -810 1
-7026 470 -7020 546 1
3811 6521 3819 6525 4
1172 -5980 1238 -5976 1
-6176 6033 -6160 6034 7
8951 6340 9045 6344 3
-459 -7441 -454 -7437 10
77 3714 87 3719 1
4110 -6928 4115 -6926 1
3890 1322 3945 1360 9
1166 5972 1172 5978 3
2482 -9114 2487 -9108 1
-4630 -4126 -4625 -4122 3
-7763 -1546 -7759 -1545 1
8439 -1325 8444 -1324 6
49
2522 3485 1166 -8284
8085 -9711 8086 -9701 1
1328 6158 1329 6161 10
519 7561 524 7564 10
1912 -9103 1937 -8745 43
3911 317 4034 324 37
2570 2564 2580 2572 2
4769 2386 4776 2391 1
9697 1309 9701 1344 50
-1586 4274 -1579 4275 7
-9503 3469 -9494 3478 10
-4259 6732 -4242 6747 1
-3112 7727 -3107 7731 1
-7769 2565 -7763 2570 8
7731 -3270 7776 -3261 1
-5141 -9889 -4548 -9887 10
-8545 -407 -8533 -307 8
5914 -128 5916 -123 1
9777 -5572 9787 -5498 1
651 -4758 655 -4575 1
-5206 -7567 -5198 -7556 1
3590 276 3614 285 1
3286 6116 3288 6123 5
-735 6262 -730 6271 5
-1743 2755 -1740 2765 8
9332 -1207 9428 -1202 35
375 -1765 381 -1319 20
4906 -4062 4912 -4026 3
3714 3763 3719 3809 8
3571 -4632 3575 -4628 11
-5272 6887 -5241 6893 1
1823 -2853 1856 -2764 4
3372 -6415 3382 -6408 821
1394 8102 1401 8189 21
-9351 -4610 -9346 -4603 3
8544 9315 8547 9320 1
6324 6302 6327 6312 1
4174 2918 4180 2924 5
3418 -2838 3420 -2828 1
-9884 9108 -9678 9113 3
-5671 2279 -5600 2349 8
7635 4984 7712 4990 95
4391 9370 4395 9376 1
9154 -775 9158 -699 1
-4713 6765 -4706 6774 3
1360 7449 1440 7526 176
-8783 3339 -8782 3355 1
1982 -7464 2017 -7457 5
-1038 938 -1031 947 9
-471 369 -466 372 1
43
-6881 -5129 3733 -5129
3118 4191 3123 4196 39
8998 -5596 9026 -5593 3
904 2688 911 2689 8
-4701 -1848 -4695 -1820 1
-2974 -7483 -2973 -7478 3
2584 4293 2669 4300 9
-9515 8475 -9507 8481 1
-6421 -7564 -6418 -7554 8
5151 505 5409 515 6
9085 -9371 9091 -9340 1
8755 -7478 8762 -7468 5
-4290 -735 -4283 -725 6
-5489 9810 -5486 9873 8
6621 4362 6625 4371 1
-3214 9704 -3207 9709 1
-8145 -5795 -8138 -5788 1
-9687 -7543 -9605 -7534 6
1420 3861 1426 3865 166
-3285 -5127 -3282 -5032 2
4679 -6900 4767 -6899 6
487 9062 496 9097 2
-9580 4683 -9499 4689 1
7969 -4138 7977 -4131 1
-1578 -9071 -1573 -9070 10
-4053 -7818 -4048 -7740 69
-7217 5153 -7191 5161 8
513 -9246 514 -9239 31
589 3366 595 3369 1
-8033 2390 -8024 2397 1
-4131 2744 -4041 2747 1
-6967 1636 -6965 1643 30
8918 -2755 8920 -2746 1
1565 -168 1567 -161 1
-7859 -879 -7849 -875 1
6389 8698 6451 8705 4
9735 -544 9742 -536 1
-5630 -8715 -5629 -8714 10
-3272 -4383 -3271 -4292 1
-7663 8717 -7658 8721 1
-8187 -1558 -8180 -1557 1
-6551 -4547 -6526 -4546 1
1476 -6306 1478 -6297 6
7688 -1852 7691 -1851 1
38
1201 -6515 -3022 -6515
8690 3993 8697 4000 10
1659 2869 1668 2879 19
-138 -6073 -128 -6069 1
3456 -5156 3461 -5149 89
-1773 -6654 -1771 -6649 54
8224 4898 8226 4985 1
-41 2809 -18 2817 4
9583 1153 9652 1162 7
-7292 4126 -7248 5060 1
7115 -4652 7135 -4618 283
6056 -5596 6063 -5513 5
-4068 2614 -4065 2620 8
-9075 9972 -9019 9982 1
333 -3805 398 -3705 30
6301 -5572 6306 -5566 1
1860 1395 1862 1399 1
4658 68 4666 75 1
-12 2246 -4 2283 48
9799 7743 9807 7748 5
3717 -1658 3777 -1654 10
1421 1033 2084 1034 61
-4653 -2089 -4645 -1741 6
794 8655 802 8659 53
-8262 2712 -8259 2720 32
-412 -2681 -407 -2671 1
-1814 -5923 -1780 -5917 1
8441 -7380 8447 -7375 1
6923 1815 6929 1818 3
5478 -8417 5489 -8411 1
-5134 2138 -5127 2148 1
-1614 5443 -1610 5517 1
-998 3934 -997 3948 1
3849 7042 3852 7051 6
3384 7910 3406 7920 1
4877 -4550 4878 -4549 87
7326 6066 7335 6148 7
259 191 269 192 15
-5309 545 -5304 554 1
34
6749 -5054 6749 4362
8579 8363 8588 8455 10
-1937 9313 -1933 9394 1
-6723 -5413 -6716 -5334 1
-7380 -7619 -7377 -7613 429
5948 9962 5957 10000 1
-5150 6226 -5144 6231 1
6566 6807 6636 6817 1
-6570 -6361 -6565 -6356 1
-9986 -2906 -9976 -2856 1
6742 2496 6820 2501 8
5437 2307 5485 2313 2
-519 4190 -518 4196 8
-1706 -4185 -1704 -4184 1
4493 5300 4551 5308 1
9351 -7218 9366 -7216 1
8926 -3078 8947 -3069 6
8014 -1450 8022 -1437 1
-5955 -3680 -5951 -3672 1
-4075 -6323 -4068 -6320 10
-6139 -9306 -6109 -9300 1
2801 -1299 2894 -1297 1
1006 -5930 1009 -5924 1
-4800 -7100 -4790 -7095 2
-6013 8982 -5950 8989 2
3968 -3473 3971 -3463 490
2370 -2599 2413 -2592 7
-8551 -7320 -8475 -7313 2
-4372 7965 -4365 7969 1
3110 7492 3112 7495 1
5857 -2023 5863 -2019 1
-6023 -7458 -6019 -7457 8
6587 -5345 6596 -5329 1
-3669 -4001 -3643 -3918 1
-2075 2248 -2072 2254 7
45
8337 -333 8337 -4873
-6367 -286 -6358 -283 3
-4598 1944 -4597 1969 1
-2207 1391 -2206 1396 47
1542 -7425 1552 -7391 1
9090 -4396 9095 -4395 1
-9056 -4545 -9047 -4542 1
-8523 6970 -8521 6976 1
-5725 5796 -5422 5802 1
-2817 7703 -2816 7713 7
-4579 -9561 -4574 -9560 1
-6017 8946 -6015 8948 1
-9261 -8831 -9243 -8823 10
3626 7986 3635 8086 1
-9172 2235 -9167 2244 9
-1756 -4986 -1707 -4985 2
9978 673 9987 683 1
8224 -5658 8230 -5651 3
4215 1690 4222 1692 1
-8929 9926 -8924 9927 2
5955 -5035 5963 -4997 1
4487 8882 4580 8890 329
3532 -5394 3537 -5391 2
9657 3862 9694 3867 1
317 3277 324 3303 9
-9200 5494 -9194 5496 3
2210 -26 2217 23 10
-3828 5228 -3823 5322 1
1881 2466 1894 2471 1
-7904 -528 -7900 -519 1
-5218 -3505 -5215 -3470 1
8373 -8386 8374 -8381 5
-866 8466 -862 8467 7
5242 7577 5250 7597 2
1459 -7525 1467 -6934 1
2037 -2780 2039 -2771 1
5209 3230 5299 3237 7
8304 -4483 8309 -4480 1
4525 -7772 4529 -7741 1
5058 -3848 5068 -3847 1
-2307 -4463 -2210 -4462 1
-711 -484 -678 -474 1
8779 -5911 8796 -5903 6
-7484 5272 -7475 5281 1
9200 -8084 9205 -8080 1
-5720 -2956 -5710 -2867 1
34
-2601 921 7388 5615
4468 -8827 4477 -8822 1
1615 3347 1630 3371 97
6616 -9274 6624 -8737 1
6810 -8940 6814 -8933 7
5837 -357 5841 -356 1
8200 -8070 8207 -8009 4
7467 2036 7536 2037 1
8695 6551 8703 6623 65
-880 2007 -876 2009 1
-5869 -4208 -5868 -4207 8
-7685 -6107 -7684 -6103 4
-5726 8880 -5723 8881 12
-9336 3486 -9317 3494 6
534 -5775 535 -5699 1
3045 9566 3053 9572 1
1234 -7743 1237 -7739 7
6118 7083 6128 7084 1
-8668 -7006 -8664 -6999 2
-7135 -2033 -7106 -2027 10
8199 -9321 8209 -9287 1
9925 3279 10000 3285 1
-2801 1186 -2798 1196 1
1661 9575 1670 9576 1
4874 -6658 4884 -6654 1
-4062 -7379 -4011 -7376 1
-626 -4547 -623 -4513 7
7782 -3665 7784 -3585 1
6372 -7234 6379 -7214 1
-3219 -6113 -3165 -6104 5
-4246 4687 -4245 4688 1
7895 -2185 7902 -2181 3
7805 -9912 7812 -9906 1
14 9293 19 9299 5
-5572 -6658 -5563 -6650 17
27
-614 8781 6495 -7992
-2418 5717 -2351 5719 2
4094 -6122 4095 -6065 1
1580 -2672 1590 -2670 7
-3059 9927 -3057 9982 36
-8911 7611 -8903 7614 2
-9079 1222 -9053 1230 9
-3515 -9967 -3253 -9961 66
2394 -7003 2424 -6999 4
-6983 -9453 -6895 -9447 1
-4116 -2517 -4112 -2439 1
9012 893 9068 927 1
5379 -5387 5387 -5386 9
134 4950 143 4953 71
3532 -9357 3581 -9348 4
1661 3496 1665 3498 5
1171 4188 1177 4198 1
-8316 -9920 -8308 -9882 10
-2114 -9750 -2108 -9742 7
7771 3283 7775 3348 1
-2693 3596 -2683 3608 1
7247 -7834 7249 -7832 50
-786 -7836 -781 -7832 1
-5398 780 -5395 785 1
6962 9815 6963 9816 2
9705 -2195 9721 -2189 1
611 -6240 620 -6156 76
2254 1987 2262 1988 1
43
1951 -6975 -5692 2274
-9382 -5006 -9373 -4996 1
-3102 2441 -3101 2445 1
-1550 8619 -1548 8690 1
-1199 -1207 -1197 -1131 1
8435 7653 8443 7657 1
-2575 6577 -2568 6580 1
-9363 111 -9269 137 1
-4522 2112 -4511 2429 1
-9247 2396 -9245 2444 8
8562 3782 8634 3787 5
408 -4232 417 -4169 5
5574 -9950 6112 -9943 20
-2955 1503 -2863 1510 1
2252 -9270 2273 -9268 80
-454 1359 -448 1363 1
7115 8525 7167 8616 1
-8340 3897 -8338 3900 7
-98 9118 609 9122 5
7948 1440 7957 1447 320
4298 -316 4303 -315 3
-8544 -8160 -8543 -7599 8
8284 5242 8290 5250 87
2496 5637 2502 5705 1
4785 -9532 4791 -9529 1
-5969 -4970 -5959 -4960 1
-2800 7449 -2798 7459 6
-9754 676 -9745 681 2
317 -6596 323 -6593 4
-5661 -9562 -5647 -9551 1
-2651 -1417 -2650 -1410 1
-3959 9079 -3955 9081 99
-8587 -1911 -7904 -1902 2
-5848 -212 -5809 390 1
-5055 -2470 -5019 -2468 1
7313 -8978 7323 -8977 3
-2646 -639 -2640 -634 2
2239 7428 2245 7433 1
568 -6406 570 -6399 1
2029 3967 2275 3976 1
-7349 3134 -7344 3136 7
9591 -9748 9601 -9681 9
-1016 -8221 -1002 -8211 86
-5959 -5930 -5957 -5922 4
31
8541 5883 3011 -5535
8817 -994 8818 -933 1
4610 -2609 4615 -2601 1
5887 -161 5891 -152 78
1585 -7367 1588 -7363 1
2120 8373 2129 8456 1
-5754 6178 -5663 6188 1
-6817 -564 -6811 -562 2
6779 4584 6781 4611 8
774 9144 775 9147 2
9588 1612 9589 1617 1
-3878 -7145 -3316 -7138 5
1976 -8953 1985 -8950 2
-5592 8758 -5589 8761 2
6842 8142 6856 8144 1
6539 2781 6540 2817 1
7601 -1219 7611 -1209 38
4090 6642 4098 6644 1
4613 -5237 4621 -5235 2
6174 -7716 6179 -7706 1
7935 2570 7936 2579 8
6048 4846 6107 4855 1
2062 -9000 2071 -8994 8
-6538 -5407 -6464 -5397 1
-7562 -1930 -7552 -1921 1
5999 -4061 6000 -4051 1
1251 6887 1262 6897 1
5617 7151 5623 7200 2
6413 -4341 6456 -4338 10
9936 -9857 9969 -9848 1
8947 -7670 8949 -7653 1
-5550 -6381 -5544 -6375 9
41
-4066 -5859 -50 -5859
-1131 2536 -1121 2634 1
8236 3675 8244 3678 1
1226 2502 1231 2504 1
-6712 -3612 -6703 -3605 1
7974 9614 8524 9620 1
2077 4505 2087 4592 193
-5266 -2337 -5257 -2291 1
1528 -9379 1533 -9371 6
-5125 -139 -5121 -130 549
-8328 -9023 -8320 -9016 4
5967 -2034 5971 -1233 1
-5168 -5540 -5103 -5450 6
2761 -6076 2768 -6074 10
250 -6069 295 -6065 1
-5217 -173 -5211 -170 2
-7133 -6181 -7131 -6179 1
8126 -3258 8128 -3256 1
-1961 -5476 -1959 -5474 10
9279 6204 9283 6213 8
-8388 -7915 -8385 -7912 5
8864 -5494 8872 -5485 3
-556 9790 -553 9798 9
-718 -5754 -714 -5677 8
-9527 -2375 -9498 -2276 1
-9251 3265 -9250 3281 1
7292 7672 7295 7673 97
-1917 5625 -1915 5675 1
-560 1812 -557 1822 7
7440 4677 7444 4682 1
9650 985 9658 994 5
5751 -6578 5758 -6574 1
7550 -2491 7560 -2489 7
242 -8995 277 -8986 1
9507 255 9514 259 689
-3078 -5159 -3075 -5152 1
3285 -2606 3290 -2605 7
-9760 -854 -9675 -851 826
5800 -3351 5806 -3339 1
1331 1273 1353 1282 8
-425 -6191 -418 -6187 56
-4822 4064 -4818 4074 1
27
4583 -2012 -9179 -2012
8754 7659 8760 7660 65
9194 -7438 9195 -7435 1
3765 8400 3767 8403 1
5700 -8622 5702 -8618 5
-7346 9424 -7255 9429 1
9241 -4769 9243 -4681 1
-6850 234 -6789 244 7
-1402 -6227 -1328 -6225 1
5316 -9495 5321 -9493 6
-8641 -2117 -8632 -2107 95
-4947 -1019 -4899 -1018 1
7499 -4310 7500 -4303 1
-5198 -7005 -5194 -6947 6
-2640 5078 -2634 5081 7
-7643 2298 -7553 2306 79
1174 -2969 1289 -2938 1
4654 -1654 4663 -1644 1
-1143 5017 -1098 5024 5
5677 -2756 5681 -2695 1
-998 -9135 -994 -9126 3
4481 2380 4485 2390 1
-4123 -1824 -4028 -1819 9
9806 -4953 9815 -4945 18
-4070 6772 -4046 6778 6
1779 -1970 1780 -1968 9
7225 764 7233 765 4
7081 4110 7088 4111 1
28
1474 -889 1474 6072
-9460 -7160 -9456 -7153 7
-8202 -4485 -8196 -4099 5
-4103 686 -4095 767 9
2572 -1953 2582 -1947 9
-419 627 -417 631 4
8415 -1248 8419 -1239 1
1581 1887 1584 1891 10
-6308 1424 -6301 1469 5
1040 7379 1104 7385 3
9772 -8082 9776 -8057 16
4679 2573 4685 2581 10
-256 7762 -249 7770 9
7265 -3164 7269 -3079 1
9026 3744 9081 3843 1
8927 9948 8934 9958 1
899 -6199 948 -5488 10
2064 7160 2070 7162 155
3012 -3723 3019 -3697 1
8327 -4834 8332 -4747 1
-6698 -2591 -6657 -2587 1
-7783 -4997 -7779 -4994 1
6377 -8805 6384 -8795 69
4977 -8619 5006 -8618 1
7377 1210 7385 1211 6
3311 -8940 3316 -8935 3
7901 2446 7902 2448 1
-7962 -8189 -7869 -8182 10
9796 3982 9798 3991 1
1
129 351 700 824
113 294 810 953 27
1
180 0 820 6
200 1 800 5 1
0
